    8    7   23   -8   -7  -23  258    1       2.603       5.553       0.521       5.553   0.01666   1884.136   1011.544   -0.0050    0.9423    0.1735 9549    0   9.00260
    8    7   22   -8   -7  -22  258    1     102.081       6.849     123.932       6.849   0.01137   1862.726   1025.928   -0.2399    0.9661    0.1631 9874    0  12.00437
   20    8    1   -8  -20   -1  271    1     -13.099       6.265      -0.427       6.265   0.00750   1252.868   1079.074   -0.3337    0.9840    0.1424 9984    0  11.00681
   21    8    0   -8  -21    0  268    1       4.476       6.874     -13.907       6.874   0.01608   1218.127   1073.763    0.1092    0.9152    0.1599 9236    0  12.00527
   23    8    1   -8  -23    1  268    1       0.557       7.793      -2.598       7.793   0.01334   1165.986   1050.139   -0.2011    0.8564    0.1856 8664    0  13.00323
   24    8    2   -8  -24    2  268    1      23.570       9.143      37.387       9.143   0.00481   1130.769   1044.349    0.3474    0.8162    0.2032 8308    0  12.00290
    7    5   22   -7   -5  -22  258    1       8.127       5.830       7.420       5.830   0.00390   1893.613   1074.865    0.3727    0.8506    0.1767 8607    0  11.00476
    7    5   21   -7   -5  -21  258    1       1.830       5.325       4.659       5.325   0.01659   1872.314   1088.893    0.1189    0.8672    0.1664 8833    0  12.00276
    7    5   20   -7   -5  -20  258    1      14.995       5.154      14.057       5.154   0.01241   1851.158   1102.770   -0.2194    0.8862    0.1562 9068    0  12.00879
   17    7    0   -7  -17    0  268    1      10.459       5.740       5.230       5.740   0.01430   1281.299   1158.511    0.1719    0.9276    0.1276 9431    0  10.00275
   20    7    2   -7  -20    2  268    1      12.400       7.814      39.578       7.814   0.01537   1195.322   1130.917   -0.1646    0.8068    0.1699 8158    0  12.01459
   21    7    3   -7  -21    3  268    1      -6.738       8.049      -4.118       8.049   0.00532   1160.380   1125.572    0.3251    0.7695    0.1872 7707    0  12.00691
   23    7    4   -7  -23    4  268    1      10.420       8.931      30.409       8.931   0.01747   1108.027   1102.091    0.1473    0.7401    0.2127 7524    0  14.00570
    6    3   20   -6   -3  -20  258    1       7.816       5.777       9.006       5.777   0.01643   1881.609   1150.830    0.1578    0.7809    0.1699 7925    0  12.00411
    6    3   19   -6   -3  -19  258    1    4391.696      57.554    1032.936      57.554   0.01261   1860.584   1164.402   -0.2173    0.7929    0.1599 8063    0  13.00802
    6    4   16   -6   -4  -16  258    1       2.092       3.199       3.322       3.199   0.01277   1785.294   1187.806    0.2201    0.8964    0.1230 9024    0  10.00318
   14    6    0   -6  -14    0  268    1      -9.365       2.913      -8.844       2.913   0.00461   1327.229   1223.855   -0.3797    0.9343    0.1041 9486    0  11.00600
   15    6    1   -6  -15    1  268    1       1.573       3.147       1.936       3.147   0.01540   1292.972   1219.222   -0.1523    0.8537    0.1210 8659    0  11.00585
   16    6    2   -6  -16    2  268    1      14.631       6.073      -2.622       6.073   0.01707   1258.595   1214.480    0.1384    0.7958    0.1380 8027    0  12.00708
   19    6    4   -6  -19    4  268    1     -16.551       8.096      -7.196       8.096   0.01812   1172.771   1187.340   -0.1301    0.7209    0.1799 7451    0  11.00309
   22    6    6   -6  -22    6  268    1     -13.777       9.555      -7.111       9.555   0.01514   1085.462   1159.079    0.1902    0.6784    0.2222 6816    0  12.00643
    5    1   20   -5   -1  -20  258    1       2.203       6.059       5.324       6.059   0.01072   1911.890   1198.492    0.2442    0.7014    0.1836 7112    0  12.00636
    5    1   19   -5   -1  -19  258    1      13.370       5.904      16.843       5.904   0.02011   1890.837   1211.915   -0.0937    0.7069    0.1736 7146    0  12.00408
    5    2   15   -5   -2  -15  258    1       8.274       4.073      -1.400       4.073   0.01088   1794.794   1248.045   -0.2435    0.7816    0.1273 7965    0  13.00837
   11    5    0   -5  -11    0  268    1       8.198       3.490       2.597       3.490   0.01265   1372.825   1287.953   -0.2068    0.9477    0.0812 9670    0  12.00496
   12    5    1   -5  -12    1  268    1       5.095       4.213       2.547       4.213   0.01283   1338.777   1283.567   -0.2124    0.8460    0.0980 8665    0  11.00169
   13    5    2   -5  -13    2  268    1       6.888       3.100       9.529       3.100   0.01914   1304.644   1279.096   -0.0747    0.7784    0.1148 7948    0  11.00607
   14    5    3   -5  -14    3  268    1     -11.059       5.793      -7.767       5.793   0.01735   1270.395   1274.537    0.1518    0.7309    0.1317 7423    0  11.00630
   17    5    5   -5  -17    5  268    1       4.500       7.442       6.576       7.442   0.00069   1185.112   1248.134   -0.3255    0.6736    0.1731 6968    0  11.00488
   18    5    6   -5  -18    6  268    1     -34.965       8.931      -2.280       8.931   0.01794   1150.262   1243.182    0.1563    0.6539    0.1900 6719    0  11.00816
   20    5    7   -5  -20    7  268    1     -47.476      10.312     -26.638      10.312   0.02006   1098.355   1220.776   -0.1195    0.6418    0.2148 6646    0  12.00749
   22    5    8   -5  -22    8  268    1      27.580      10.552      19.186      10.552   0.01644   1045.682   1197.859   -0.1656    0.6327    0.2398 6550    0  12.00407
    4    1   20   -4    1  -20  269    1       5.524       6.707       6.905       6.707   0.02154   1942.180   1245.864    0.1060    0.6418    0.1973 6523    0  11.00291
    4    1   19   -4    1  -19  269    1     378.924      11.244     154.043      11.244   0.01190   1921.086   1259.148   -0.2124    0.6433    0.1874 6555    0  11.00121
    4    0   15   -4    0  -15  258    1      39.298       7.351      69.266       7.351   0.00719   1824.764   1294.867   -0.2669    0.6813    0.1414 6962    0  13.00623
    4    2   10   -4   -2  -10  258    1      11.154       3.560      11.154       3.560   0.01800   1696.866   1325.643    0.0414    0.8647    0.0791 8841    0  10.00247
   15    4    6   -4  -15    6  268    1     -19.491       8.163      -8.496       8.163   0.00888   1197.303   1308.126   -0.2367    0.6287    0.1666 6457    0  11.00120
   16    4    7   -4  -16    7  268    1     -16.508       9.721     -15.224       9.721   0.01347   1162.584   1303.406    0.2037    0.6145    0.1834 6312    0  12.00629
   18    4    8   -4  -18    8  268    1      -1.871       9.148      -0.416       9.148   0.01187   1111.079   1281.558   -0.2065    0.6077    0.2079 6253    0  11.00186
   21    4   10   -4  -21   10  268    1      -0.250      10.980      12.478      10.980   0.00817   1023.077   1254.022    0.2429    0.5950    0.2496 6107    0  11.00755
    3    3   22   -3    3  -22  264    1     -12.457       7.613     -18.456       7.613   0.01010   2015.466   1266.392    0.2292    0.5993    0.2307 6109    0  11.00342
    3    3   21   -3    3  -21  264    1      28.043       7.728      25.835       7.728   0.02586   1993.944   1279.780    0.0371    0.5987    0.2208 6128    0  14.00292
    3    3   20   -3    3  -20  264    1      22.997      10.971      24.685      10.971   0.01121   1972.610   1293.048   -0.2100    0.5980    0.2110 6052    0  13.00348
    3    2   16   -3    2  -16  269    1       7.429       8.420       9.245       8.420   0.02529   1875.322   1328.714    0.0362    0.6130    0.1651 6329    0  12.00104
    3    1   13   -3    1  -13  269    1      27.001       6.589      17.053       6.589   0.00489   1800.426   1350.594    0.2842    0.6402    0.1292 6505    0  11.00483
    3    0   10   -3    0  -10  258    1      -2.337       4.019       0.654       4.019   0.01871   1726.561   1371.946   -0.1267    0.6946    0.0935 7149    0  12.00167
    3    1    8   -3   -1   -8  258    1      -3.233       2.964      -4.917       2.964   0.01287   1673.201   1380.540    0.2229    0.7999    0.0674 8119    0  12.00638
   12    3    6   -3  -12    6  268    1      17.109       7.045       2.157       7.045   0.01535   1243.672   1371.930   -0.1754    0.5999    0.1438 6149    0  12.00305
   13    3    7   -3  -13    7  268    1      -0.160       7.863      -0.802       7.863   0.01760   1209.259   1367.483    0.1643    0.5882    0.1605 5914    0  11.00324
   16    3    9   -3  -16    9  268    1      49.143      10.070      36.656      10.070   0.02584   1123.562   1341.599   -0.0535    0.5772    0.2014 5936    0  11.00494
   19    3   11   -3  -19   11  268    1     -13.829      12.131      -9.462      12.131   0.00750   1036.115   1314.907    0.2402    0.5706    0.2426 5806    0  11.00558
   21    3   12   -3  -21   12  268    1      -2.939      13.361     -13.094      13.361   0.00984    982.977   1292.529    0.2238    0.5701    0.2672 5808    0  10.00221
    5    2   25   -2    5  -25  264    1      -1.918       8.767      -0.274       8.767   0.02236   2112.298   1273.246    0.1172    0.5742    0.2740 5818    0  11.00541
    5    2   24   -2    5  -24  264    1     -13.729      13.465      10.825      13.465   0.02682   2090.091   1286.879    0.0429    0.5729    0.2640 5826    0  11.00184
    5    2   23   -2    5  -23  264    1       0.000      13.216     -11.437      13.216   0.02529   2068.088   1300.379   -0.0682    0.5715    0.2541 5837    0   9.00663
    5    2   22   -2    5  -22  264    1     535.767      19.545     249.927      19.545   0.00889   2046.288   1313.753   -0.2204    0.5700    0.2443 5852    0  12.00922
    4    2   17   -2    4  -17  264    1      27.938       9.627      32.091       9.627   0.02742   1926.287   1362.593    0.0012    0.5726    0.1888 5830    0  10.00026
    3    2   13   -2    3  -13  264    1     254.259      10.325     105.977      10.325   0.00482   1830.361   1396.998   -0.2520    0.5802    0.1434 5956    0  12.00080
    2    1    8   -2    1   -8  269    1     234.253       6.625      78.112       6.625   0.00122   1702.835   1426.638   -0.3024    0.6349    0.0818 6463    0  12.00423
   13    2    9   -2  -13    9  268    1       7.145       8.574      -6.252       8.574   0.02549   1170.557   1405.523   -0.0741    0.5555    0.1786 5737    0  11.00273
   16    2   11   -2  -16   11  268    1     -12.726      10.971      -1.536      10.971   0.02472   1084.283   1379.796   -0.0858    0.5528    0.2194 5738    0  11.00530
   18    2   12   -2  -18   12  268    1      51.901      12.914      19.006      12.914   0.00002   1032.012   1358.180   -0.2752    0.5538    0.2437 5757    0  12.00525
    6    1   19   -1    6  -19  264    1      40.860      11.547      26.648      11.547   0.02715   1998.970   1383.727    0.0595    0.5506    0.2221 5623    0  11.00462
    6    1   18   -1    6  -18  264    1     -29.954      11.047      13.171      11.047   0.00204   1977.795   1396.592   -0.2570    0.5487    0.2124 5655    0  12.00070
    5    1   14   -1    5  -14  264    1     -17.053       8.694      -4.514       8.694   0.00206   1880.854   1430.906   -0.2565    0.5482    0.1672 5655    0  10.00862
    4    1   11   -1    4  -11  264    1      35.812       6.846      12.903       6.846   0.00112   1806.169   1451.988   -0.2637    0.5512    0.1317 5655    0  12.00519
    6    1    5   -1   -6    5  268    1       7.838       3.964       3.063       3.964   0.02552   1353.133   1485.189   -0.0751    0.5527    0.0901 5737    0  11.00385
    7    1    6   -1   -7    6  268    1       8.211       4.585      -1.173       4.585   0.02189   1319.248   1481.088   -0.1177    0.5459    0.1066 5641    0  11.00500
    8    1    7   -1   -8    7  268    1      -1.601       5.420      -4.065       5.420   0.02873   1285.239   1476.960   -0.0186    0.5415    0.1232 5530    0  11.00352
    9    1    8   -1   -9    8  268    1      -4.752       6.848      -5.171       6.848   0.01639   1251.089   1472.802    0.1719    0.5385    0.1398 5511    0  10.00358
   13    1   11   -1  -13   11  268    1      21.256       9.447      14.368       9.447   0.02675   1131.586   1443.623   -0.0662    0.5369    0.1968 5535    0  12.00226
   16    1   13   -1  -16   13  268    1      12.112      12.112      24.224      12.112   0.02801   1044.661   1418.079    0.0542    0.5376    0.2375 5523    0  12.00177
   18    1   14   -1  -18   14  268    1     -23.808      13.082      12.035      13.082   0.02606    991.944   1396.589   -0.0744    0.5394    0.2616 5536    0  11.00292
   20    1   15   -1  -20   15  268    1     -25.732      14.010     -13.152      14.010   0.02811    938.321   1374.711   -0.0384    0.5411    0.2859 5532    0  11.00522
    8    0   24    0    8  -24  264    1      -4.551      14.221     -16.781      14.221   0.00934   2139.233   1365.521    0.2197    0.5433    0.2844 5607    0  11.00460
    8    0   23    0    8  -23  264    1      15.108      13.735       0.275      13.735   0.02239   2116.968   1378.791    0.1237    0.5416    0.2747 5516    0  10.00163
    8    0   22    0    8  -22  264    1      -1.590      13.780       3.445      13.780   0.02898   2094.913   1391.948   -0.0089    0.5400    0.2650 5529    0  10.00182
    8    0   21    0    8  -21  264    1      -8.682      13.533       0.766      13.533   0.01343   2073.063   1404.998   -0.1822    0.5383    0.2553 5547    0  13.00287
    7    0   16    0    7  -16  264    1      70.973      10.626      93.428      10.626   0.02850   1952.645   1452.432   -0.0371    0.5342    0.2005 5432    0  13.00643
    8    0    9    0   -8    9  263    1      14.867       6.938      26.620       6.938   0.01372   1246.917   1514.914   -0.1784    0.5277    0.1416 5446    0  11.00612
    9    0   10    0   -9   10  263    1     192.780       9.963       7.433       9.963   0.02459   1212.588   1510.813    0.1057    0.5269    0.1581 5317    0  12.00305
   13    0   13    0  -13   13  263    1      15.703      10.755      13.551      10.755   0.02255   1092.276   1481.864    0.1244    0.5273    0.2151 5315    0  11.00870
   15    0   14    0  -15   14  263    1       7.648      11.950      -0.717      11.950   0.00531   1040.390   1460.956   -0.2292    0.5290    0.2390 5451    0  11.00354
   18    0   16    0  -18   16  263    1     -10.069      13.426       2.517      13.426   0.00496    951.413   1435.175    0.2418    0.5304    0.2797 5404    0   9.00105
    9    1   19    1    9  -19  267    1      -1.947      13.140     -18.493      13.140   0.02558   2047.185   1461.468    0.0948    0.5288    0.2433 5318    0  11.00464
    9    1   18    1    9  -18  267    1       0.000      12.158       4.910      12.158   0.01178   2025.775   1474.172   -0.1904    0.5275    0.2338 5447    0  13.00119
    8    1   14    1    8  -14  267    1       0.000       9.254      -2.266       9.254   0.02860   1927.822   1507.819   -0.0440    0.5256    0.1889 5332    0  14.00330
    7    1   11    1    7  -11  267    1     -13.507       7.982     -20.722       7.982   0.01810   1852.461   1528.477    0.1590    0.5259    0.1535 5412    0  13.00271
    6    1    8    1    6   -8  267    1       6.618       4.964      10.046       4.964   0.01305   1778.270   1548.867   -0.1830    0.5296    0.1182 5446    0  10.00340
    5    1    6    1    5   -6  267    1      -7.290       4.060       0.000       4.060   0.00426   1724.655   1556.941    0.2486    0.5372    0.0923 5504    0  11.00595
    8    1   11    1   -8   11  263    1       4.002       7.844      -1.281       7.844   0.02800   1208.323   1553.026   -0.0542    0.5262    0.1601 5333    0  11.00201
   12    1   14    1  -12   14  263    1      12.148      10.412      -2.386      10.412   0.02905   1087.923   1524.478   -0.0367    0.5238    0.2169 5331    0  12.00419
   15    1   16    1  -15   16  263    1     -52.753      13.896     -21.101      13.896   0.01840   1000.222   1499.537    0.1568    0.5243    0.2573 5312    0  10.00958
   17    1   17    1  -17   17  263    1     -45.843      14.344     -20.531      14.344   0.02861    946.998   1478.469    0.0542    0.5254    0.2812 5322    0  11.00394
   11    2   23    2   11  -23  267    1     -13.605      14.788      -3.845      14.788   0.02650   2166.824   1457.609   -0.0745    0.5270    0.2958 5335    0  10.00329
   11    2   22    2   11  -22  267    1     -38.639      15.169     -20.035      15.169   0.00956   2144.490   1470.571   -0.2035    0.5260    0.2862 5348    0   9.00506
   10    2   17    2   10  -17  267    1     -18.767      12.048     -16.218      12.048   0.01295   2021.697   1517.438    0.1925    0.5238    0.2317 5308    0  11.00434
   10    2   16    2   10  -16  267    1     -18.225      11.780      -9.557      11.780   0.01434   2000.511   1529.942   -0.1737    0.5236    0.2223 5345    0  10.00274
    7    2    7    2    7   -7  267    1     -21.518       5.351     -14.888       5.351   0.02306   1774.371   1591.123    0.1171    0.5427    0.1163 5517    0  10.00417
    7    2   12    2   -7   12  263    1       2.108       7.783       2.432       7.783   0.02725   1203.979   1595.305   -0.0607    0.5337    0.1622 5434    0  10.00205
    8    2   13    2   -8   13  263    1      17.513       8.935       1.608       8.935   0.00080   1169.406   1591.377    0.2658    0.5307    0.1787 5401    0  11.00170
   11    2   15    2  -11   15  263    1       1.970      10.508      16.638      10.508   0.02576   1083.466   1567.132   -0.0841    0.5250    0.2189 5336    0  13.00277
   14    2   17    2  -14   17  263    1       8.036      12.961     -10.887      12.961   0.02696    995.698   1542.560    0.0807    0.5233    0.2592 5420    0  10.00210
   16    2   18    2  -16   18  263    1      58.302      14.151       5.943      14.151   0.02868    942.449   1521.758   -0.0451    0.5232    0.2830 5332    0  12.00405
   12    3   21    3   12  -21  267    1     -21.018      14.485      -8.521      14.485   0.02160   2140.318   1514.530    0.1328    0.5234    0.2840 5314    0  12.00092
   12    3   20    3   12  -20  267    1     -21.142      14.278      16.200      14.278   0.02831   2118.245   1527.244   -0.0515    0.5232    0.2746 5433    0  11.00357
   11    3   15    3   11  -15  267    1      22.699      11.239      41.431      11.239   0.02668   1996.573   1573.056    0.0834    0.5253    0.2204 5319    0  12.00144
   10    3   11    3   10  -11  267    1       4.921       8.787       1.406       8.787   0.02038   1899.444   1605.603   -0.1319    0.5341    0.1757 5441    0  11.00371
    8    3    6    3    8   -6  267    1      -8.591       5.040      -6.758       5.040   0.01109   1770.525   1633.446    0.2153    0.5718    0.1145 5909    0  10.00451
    5    3   12    3   -5   12  263    1      13.746       7.242       5.912       7.242   0.01317   1233.991   1641.547   -0.1873    0.5571    0.1478 5748    0  12.00358
    6    3   13    3   -6   13  263    1      21.367       8.054      16.436       8.054   0.02596   1199.560   1637.704    0.0809    0.5486    0.1644 5621    0  11.00192
   10    3   16    3  -10   16  263    1      -4.422      11.055      -7.075      11.055   0.02925   1078.902   1609.881   -0.0209    0.5306    0.2211 5430    0  12.00444
   13    3   18    3  -13   18  263    1      39.459      13.066      14.373      13.066   0.02530    991.047   1585.656    0.0988    0.5255    0.2613 5418    0  11.00379
   15    3   19    3  -15   19  263    1     -26.222      13.966     -13.966      13.966   0.02788    937.761   1565.097   -0.0578    0.5237    0.2850 5333    0  11.00351
   13    4   19    4   13  -19  267    1     -41.176      14.453     -11.998      14.453   0.01463   2114.262   1571.008    0.1820    0.5241    0.2727 5410    0  11.00460
   13    4   18    4   13  -18  267    1     -41.078      14.483     -21.066      14.483   0.02709   2092.429   1583.519   -0.0681    0.5251    0.2633 5435    0  11.00089
   12    4   14    4   12  -14  267    1       7.435      11.152       5.248      11.152   0.00639   1992.742   1616.197    0.2339    0.5315    0.2187 5405    0  12.00323
   12    4   13    4   12  -13  267    1       1.047      10.258      15.911      10.258   0.00002   1971.773   1628.468   -0.2663    0.5353    0.2094 5555    0  12.00559
   11    4   10    4   11  -10  267    1      60.235       9.401      66.850       9.401   0.02539   1895.655   1648.386   -0.0784    0.5493    0.1741 5637    0  13.00598
    9    4    5    4    9   -5  267    1       6.320       5.078       6.545       5.078   0.02249   1766.712   1675.890    0.1012    0.6161    0.1129 6222    0  11.00391
    7    4    1    4    7   -1  267    1       6.027       2.739      -3.592       2.739   0.01052   1659.704   1691.424    0.2663    0.8536    0.0609 8718    0  12.00206
    4    0    9    4    0    9  257    1       1.424       3.601      -3.182       3.601   0.01288   1366.115   1699.384    0.2211    0.7342    0.0837 7416    0  13.00322
    4    1   10    4   -1   10  270    1      11.841       4.616      -2.408       4.616   0.02259   1332.136   1695.496   -0.0525    0.6703    0.1003 6840    0  12.01268
    4    2   11    4   -2   11  270    1      11.227       5.379       6.081       5.379   0.02093   1298.067   1691.644   -0.1104    0.6295    0.1169 6444    0  13.00729
    4    3   12    4   -3   12  270    1     215.394       9.348     -15.624       9.348   0.02556   1263.883   1687.826   -0.0331    0.6023    0.1335 6135    0  12.01015
    4    4   13    4   -4   13  263    1      42.335       7.656      12.911       7.656   0.02064   1229.560   1684.038    0.1344    0.5834    0.1501 5917    0  10.00525
    9    4   17    4   -9   17  263    1     -30.838      11.397       8.715      11.397   0.01931   1074.235   1652.782    0.1502    0.5402    0.2235 5513    0  13.00547
   12    4   19    4  -12   19  263    1     -17.927      13.182      -3.164      13.182   0.01054    986.268   1628.880    0.2088    0.5307    0.2636 5407    0   9.00061
   14    4   20    4  -14   20  263    1      45.674      14.650      59.750      14.650   0.02975    932.931   1608.544    0.0143    0.5269    0.2873 5326    0  12.00125
   14    5   17    5   14  -17  267    1     -42.659      13.609      -9.160      13.609   0.02846   2088.612   1627.192    0.0525    0.5301    0.2617 5423    0  11.00552
   13    5   13    5   13  -13  267    1      18.891      11.074       5.211      11.074   0.00032   1989.010   1659.422    0.2750    0.5424    0.2171 5501    0  11.00482
   13    5   12    5   13  -12  267    1       2.494      10.393      -0.208      10.393   0.00060   1968.042   1671.633   -0.2658    0.5486    0.2079 5656    0  12.00493
   12    5    9    5   12   -9  267    1      -9.492       8.802      -6.903       8.802   0.01634   1891.928   1691.300   -0.1649    0.5716    0.1726 5947    0  11.00245
   10    5    4    5   10   -4  267    1      -2.225       4.895      -5.229       4.895   0.01004   1762.901   1718.510   -0.2365    0.6744    0.1112 6959    0  11.00359
    9    5    2    5    9   -2  267    1      12.950       3.749       5.538       3.749   0.01698   1709.188   1726.160   -0.1352    0.7821    0.0852 7954    0  12.00084
    7    5   17    5   -7   17  263    1      24.920      10.471      -1.256      10.471   0.02801   1104.754   1699.495   -0.0037    0.5601    0.2094 5730    0  10.00019
   10    5   19    5  -10   19  263    1      23.460      12.978      17.970      12.978   0.02226   1017.342   1675.899   -0.1149    0.5421    0.2496 5540    0  11.00341
   13    5   21    5  -13   21  263    1      43.751      13.908      -7.244      13.908   0.01666    927.958   1652.157    0.1695    0.5326    0.2897 5411    0  12.00451
   15    6   16    6   15  -16  267    1     -12.495      13.536     -14.317      13.536   0.02633   2084.916   1670.957    0.0813    0.5385    0.2603 5520    0  12.01138
   14    6   12    6   14  -12  267    1       3.452      11.005      12.515      11.005   0.01227   1985.363   1702.787    0.2039    0.5580    0.2158 5709    0  11.00107
   12    6    6    6   12   -6  267    1      13.644       7.548      24.820       7.548   0.00968   1833.504   1741.769    0.2417    0.6368    0.1451 6509    0  13.00743
    6    5   17    6   -5   17  270    1       0.977       9.383      -6.646       9.383   0.02630   1135.089   1746.260    0.0313    0.5913    0.1955 6028    0  10.00211
    9    6   20    6   -9   20  263    1      28.008      12.868      -4.542      12.868   0.01306   1012.392   1719.394    0.1976    0.5544    0.2523 5609    0  10.00323
   11    6   21    6  -11   21  263    1     -15.171      13.792     -10.758      13.792   0.01727    959.381   1699.467   -0.1560    0.5438    0.2758 5544    0  10.00197
   16    7   15    7   16  -15  267    1      31.093      12.955      12.437      12.955   0.02850   2081.326   1714.872    0.0162    0.5502    0.2591 5627    0  10.00910
   15    7   11    7   15  -11  267    1      15.450      10.729       2.575      10.729   0.02711   1981.779   1746.349    0.0173    0.5781    0.2146 5929    0  10.00298
   14    7    8    7   14   -8  267    1      -3.764       9.141      -3.585       9.141   0.02039   1905.221   1765.619    0.1313    0.6158    0.1792 6219    0  10.00216
   13    7    5    7   13   -5  267    1      19.415       7.478      24.017       7.478   0.00866   1829.765   1784.976   -0.2532    0.6856    0.1438 6961    0  11.00430
   12    7    3    7   12   -3  267    1     -12.823       4.823     -11.529       4.823   0.01627   1775.439   1792.323    0.1644    0.7664    0.1176 7723    0  10.00211
   11    7    1    7   11   -1  267    1      -1.737       3.657      -6.126       3.657   0.00455   1721.464   1799.804    0.3828    0.9100    0.0914 9209    0  11.00493
    7    2   12    7    2   12  257    1      12.728       3.916      19.091       3.916   0.01108   1337.862   1811.383   -0.2478    0.8980    0.0979 9171    0  12.00300
    7    1   13    7    1   13  257    1      -2.064       4.587      -3.325       4.587   0.00304   1303.569   1807.612   -0.3580    0.8062    0.1147 8278    0  13.00200
    7    0   14    7    0   14  257    1     -13.142       5.914      -3.811       5.914   0.00446   1269.202   1803.908   -0.3161    0.7426    0.1314 7570    0  14.00430
    7    1   15    7   -1   15  270    1      -2.371       6.519      -1.482       6.519   0.01561   1234.726   1800.270   -0.1737    0.6967    0.1482 7154    0  11.00175
    7    2   16    7   -2   16  270    1       0.660       6.926      -8.575       6.926   0.02340   1200.111   1796.695    0.0385    0.6628    0.1649 6731    0  11.00337
    7    3   17    7   -3   17  270    1       3.269       7.810       8.900       7.810   0.00270   1165.328   1793.179    0.3013    0.6371    0.1816 6403    0  12.00583
    7    7   20    7   -7   20  263    1      16.703      12.169      -2.147      12.169   0.02074   1043.168   1766.521    0.1343    0.5776    0.2386 5917    0  10.00144
   10    7   22    7  -10   22  263    1      29.831      13.940      55.201      13.940   0.01489    954.224   1743.407    0.1846    0.5554    0.2788 5711    0  11.00501
   17    8   15    8   17  -15  267    1     -44.376      14.168     -14.970      14.168   0.00784   2099.601   1746.805    0.2338    0.5579    0.2673 5706    0  10.00559
   17    8   14    8   17  -14  267    1       5.420      12.906      -3.356      12.906   0.01869   2077.826   1758.995   -0.1449    0.5651    0.2581 5744    0   9.00227
   16    8   10    8   16  -10  267    1      32.675       9.824      12.814       9.824   0.00113   1978.233   1790.167   -0.2880    0.6026    0.2136 6160    0  11.00377
   15    8    7    8   15   -7  267    1     125.050       9.441      94.411       9.441   0.00012   1901.583   1809.252   -0.3216    0.6522    0.1781 6666    0  11.00443
   14    8    5    8   14   -5  267    1      15.344       6.532      18.990       6.532   0.00457   1846.583   1816.332    0.3107    0.7037    0.1519 7206    0  11.00350
    8    4   19    8   -4   19  270    1      -6.456       9.371      -3.124       9.371   0.01699   1109.141   1817.076   -0.1598    0.6263    0.2083 6449    0  11.00875
    8    5   20    8   -5   20  270    1       2.475      10.125       1.800      10.125   0.00806   1073.774   1813.778    0.2483    0.6102    0.2250 6207    0  11.00560
    8    8   22    8   -8   22  263    1       2.122      11.407      -5.306      11.407   0.02400    985.314   1790.847    0.0954    0.5763    0.2653 5921    0  11.00312
   18    9   14    9   18  -14  267    1       1.333      11.727      -3.731      11.727   0.02730   2096.182   1791.233    0.0165    0.5740    0.2665 5929    0  11.00533
   17    9   10    9   17  -10  267    1     -43.057      10.431     -18.643      10.431   0.02450   1995.933   1822.166   -0.0510    0.6150    0.2219 6237    0  11.00609
   16    9    7    9   16   -7  267    1      12.678       8.204      23.492       8.204   0.02353   1918.840   1841.072    0.0075    0.6675    0.1864 6834    0  12.00735
   14    9    2    9   14   -2  267    1      -3.857       4.977       1.493       4.977   0.01745   1788.118   1867.306   -0.0759    0.8614    0.1244 8752    0  12.00736
    9    0   17    9    0   17  257    1     -20.918       7.080      -6.597       7.080   0.00650   1209.474   1871.270   -0.2945    0.7495    0.1609 7668    0  13.00483
    9    1   18    9   -1   18  270    1       1.067       7.822       3.022       7.822   0.02166   1174.607   1867.857   -0.0412    0.7099    0.1778 7241    0  12.00084
    9    2   19    9   -2   19  270    1      15.182       8.759      34.256       8.759   0.00955   1139.563   1864.523    0.2526    0.6790    0.1946 6910    0  12.00603
    9    6   22    9   -6   22  270    1       6.046      10.580      -5.794      10.580   0.01780   1016.200   1838.420    0.1619    0.6049    0.2519 6216    0  12.00426
   19   10   14   10   19  -14  267    1      30.535      11.829      38.238      11.829   0.02288   2114.798   1823.833    0.1082    0.5832    0.2751 5920    0  13.00287
   18   10   10   10   18  -10  267    1      33.189      10.372      34.572      10.372   0.02240   2013.869   1854.521    0.0975    0.6272    0.2305 6423    0  12.00575
   17   10    7   10   17   -7  267    1      43.075       9.161       0.000       9.161   0.01224   1936.317   1873.240    0.2243    0.6821    0.1949 6913    0  12.01375
   16   10    4   10   16   -4  267    1      -7.800       7.004      -2.865       7.004   0.01846   1859.808   1892.204   -0.0996    0.7751    0.1592 7850    0  11.00659
   15   10    2   10   15   -2  267    1     -10.748       5.839     -11.412       5.839   0.00426   1804.951   1899.193    0.3760    0.8757    0.1327 8908    0  11.00691
   10    3   21   10   -3   21  270    1      42.348       9.977      -7.982       9.977   0.02370   1082.650   1889.291    0.0044    0.6626    0.2217 6734    0  11.00415
   10    6   23   10   -6   23  270    1      -5.506      11.275       0.262      11.275   0.00736    993.886   1866.634   -0.2444    0.6123    0.2622 6357    0  11.00100
   19   11   10   11   19  -10  267    1     -22.484      10.524     -13.634      10.524   0.01726   2032.034   1887.266    0.1660    0.6393    0.2392 6517    0  11.00060
   18   11    7   11   18   -7  267    1      14.247       8.955      39.892       8.955   0.00115   1954.002   1905.789    0.3418    0.6962    0.2035 7002    0  10.00295
   17   11    4   11   17   -4  267    1      16.603       7.882     -17.442       7.882   0.01821   1877.032   1924.601    0.1089    0.7900    0.1677 8030    0  12.00211
   11    3   17   11    3   17  257    1     -32.516       6.587     -17.099       6.587   0.00897   1253.808   1950.563   -0.2941    0.9284    0.1402 9477    0  12.00556
   11    2   18   11    2   18  257    1      10.534       7.233      -8.333       7.233   0.01484   1218.907   1947.120   -0.1665    0.8553    0.1572 8761    0  13.00534
   11    1   19   11    1   19  257    1      13.595       8.017       9.760       8.017   0.01954   1183.889   1943.784    0.0314    0.7993    0.1743 8138    0  11.00795
   11    0   20   11    0   20  257    1      28.699       8.610       3.253       8.610   0.00853   1148.717   1940.553    0.2811    0.7555    0.1913 7611    0  10.00389
   11    4   23   11   -4   23  270    1      -8.468      10.461       6.476      10.461   0.02415   1024.777   1914.737    0.0070    0.6504    0.2491 6633    0  11.00108
   20   12   10   12   20  -10  267    1      -6.946      10.420       0.496      10.420   0.01752   2050.423   1920.435    0.1620    0.6511    0.2481 6618    0  13.00322
   18   12    4   12   18   -4  267    1     -15.523       7.938      -7.056       7.938   0.01401   1894.430   1957.406    0.2024    0.8038    0.1764 8121    0  10.00119
   12    0   21   12    0   21  257    1     -11.301       8.677      -6.458       8.677   0.00963   1126.987   1969.131   -0.2579    0.7607    0.2018 7765    0  12.00453
   12    1   22   12   -1   22  270    1      -5.254       9.413      -2.627       9.413   0.01990   1091.465   1966.124    0.0975    0.7268    0.2189 7428    0  11.00196
   20   13    7   13   20   -7  267    1      -8.410       9.296       8.189       9.296   0.00430   1989.956   1972.169    0.3204    0.7226    0.2213 7406    0  12.00171
   19   13    4   13   19   -4  267    1      13.153       7.966       9.448       7.966   0.01429   1911.988   1990.654    0.1955    0.8169    0.1853 8323    0  10.00605
   13    4   19   13    4   19  257    1      18.923       6.769      15.538       6.769   0.00103   1228.800   2024.574    0.4751    0.9807    0.1538 9903    0  11.00115
   20   14    4   14   20   -4  267    1      17.877       8.550       7.190       8.550   0.01771   1929.693   2024.380    0.1002    0.8293    0.1943 8433    0  12.00555
   14    4   20   14    4   20  257    1      27.135       7.565      39.963       7.565   0.01405   1207.171   2053.709   -0.1545    0.9735    0.1645 9966    0  12.00876
   14    3   21   14    3   21  257    1      27.822       7.819      64.009       7.819   0.01730   1171.770   2050.541    0.0339    0.9034    0.1818 9143    0  14.00562
