Selected  ref I: scala.mtz IMEAN,SIGIMEAN
Selected  frm I: oxi.mtz I,SIGI,merged
Selected M/ISYM: oxi.mtz M_ISYM
   -0.000569     0.010546
    0.000447     0.010044
   -1.891310     0.292261
   -0.001277     0.159622
   -0.035559     0.294827
    0.227232     0.301619
    0.389553     0.295952
   -0.000137     0.118694
   -0.101586     0.000000
    0.007165     0.034451
   -0.001536     0.136075
   -0.001202     0.186442
   -0.009759     0.229544
    0.019027     0.265401
   -0.001376     0.003983
    0.002422     0.272865
    0.543424     0.189250
    6.520560     0.020457
    0.022183     0.289659
    0.129824     0.228807
    0.002684     0.273128
    0.527505     0.280693
    0.003895     0.197683
   -0.025071     0.202487
    0.004505     0.019736
    0.056660     0.003391
   -0.001415     0.261795
   -0.006336     0.017422
    0.023192     0.247748
    0.542484     0.226348
   -0.000025     0.006132
   -0.090549     0.061499
   -0.003007     0.168093
    0.026117     0.021537
   -0.001711     0.058447
   -0.003302     0.283431
    1.477392     0.308461
   -0.001139     0.073389
    0.001553     0.307688
    0.000215     0.015627
    0.003268     0.001314
    0.025116     0.093185
    1.160878     0.099489
    0.006840     0.250876
   -0.000925     0.275820
    0.034643     0.210866
    0.009674     0.235820
   -0.007614     0.013805
    0.002802     0.242426
    0.001478     0.259335
   -0.000575     0.006547
    0.001055     0.329674
   -0.000943     0.110833
   -0.000327     0.329402
    0.001680     0.092153
    0.034018     0.201605
    0.103018     0.083616
    0.006633     0.047731
    0.000762     0.001500
    0.000195     0.294058
   -0.006784     0.207165
    0.231645     0.295869
    0.029912     0.255504
    0.001558     0.309416
   -0.000903     0.271774
    0.141286     0.278544
    0.035528     0.012285
   -0.003986     0.198789
   -0.013544     0.053687
    0.023025     0.280890
   -0.013944     0.000146
   -0.002797     0.023184
    0.033151     0.001722
   -0.011104     0.123219
    0.036300     0.066959
    0.000392     0.007599
    0.070386     0.203050
    0.009843     0.158595
    0.032200     0.286965
    0.010166     0.109307
    0.020119     0.142747
    0.013674     0.097535
    0.000333     0.032080
    0.001264     0.292739
   -0.008740     0.120327
   -7.436584     0.163967
    0.000730     0.330834
    0.006324     0.077334
    0.108339     0.333664
   -0.001004     0.159323
   -0.033288     0.179807
    0.008546     0.018989
   -0.000430     0.323990
   -0.006151     0.270874
    0.003008     0.311230
    0.001022     0.262557
   -0.002088     0.327287
    0.059086     0.025072
   -0.007844     0.163675
    0.004806     0.139170
   -0.000453     0.034809
   -0.000098     0.271106
    0.003533     0.004668
   -0.004273     0.191629
    0.013419     0.160848
   -0.001305     0.002483
    0.030772     0.006772
    0.003457     0.151622
    0.048299     0.013739
   -0.014476     0.260954
   -0.006612     0.194393
    0.307428     0.269569
    0.000052     0.000000
    0.083213     0.269739
    0.009273     0.061155
    0.006065     0.031120
    0.011014     0.237330
   -0.005678     0.056740
    0.005935     0.009586
    0.057536     0.025928
    0.016891     0.017629
   -0.001777     0.223365
   -0.001335     0.220755
   -0.000733     0.256510
    0.001804     0.087639
   -0.000186     0.180233
    2.070268     0.174919
    0.004307     0.330080
    0.000156     0.056052
    0.002078     0.069237
    0.000558     0.208344
    0.003502     0.136293
    0.001138     0.154382
   -0.000926     0.031692
   -0.004952     0.114759
    0.000305     0.338388
    0.000082     0.062641
   -0.003612     0.177901
    0.015946     0.139683
    0.004815     0.256809
   -0.008162     0.017981
   -0.003715     0.336666
   -0.000817     0.222741
   -0.001038     0.007640
    0.143297     0.000922
   -0.021932     0.047108
    0.000323     0.232302
    0.000367     0.154901
   -0.000107     0.265997
    0.528831     0.009726
   -0.005312     0.007560
   -0.001219     0.012274
    0.021213     0.253423
   -0.007822     0.023230
   -0.000028     0.328327
    0.000881     0.266615
    0.440438     0.265317
    0.023795     0.001184
    0.991144     0.258128
    0.011671     0.225857
   -0.007360     0.248033
    0.061038     0.116276
    0.000345     0.213000
    0.004348     0.319769
   -0.014483     0.261582
   -0.053955     0.312531
   -0.000719     0.227510
   -0.000230     0.029771
   -1.328117     0.297320
    0.004495     0.091235
    0.000772     0.175630
   -0.022446     0.158280
   -0.000528     0.345709
    0.000092     0.133500
   -0.007540     0.068749
    0.000719     0.343712
    0.001268     0.113420
   -0.026633     0.151647
   -0.025601     0.153173
   -0.001767     0.025822
   -0.004864     0.243666
    0.003282     0.345924
   -0.007802     0.311114
    0.002735     0.001236
    0.000910     0.245457
   -0.001045     0.197066
   -0.001791     0.344603
   -0.000348     0.341804
    0.000294     0.038011
    0.015409     0.068589
    0.014123     0.041290
    0.006872     0.068348
    0.003044     0.321140
   -0.001156     0.211654
    0.112913     0.100284
    0.024651     0.006752
   -0.005505     0.009602
   -0.009065     0.243670
   -0.001080     0.021811
    0.005006     0.255845
    0.015196     0.229568
    0.130217     0.256697
    0.131068     0.000900
    0.074196     0.145137
    0.006073     0.329576
    0.005412     0.243254
    0.026304     0.001154
   -0.002173     0.000789
    0.027044     0.322562
    0.003695     0.326765
   -0.002343     0.256161
    0.007653     0.311197
    0.000382     0.032703
   -0.020753     0.000342
   -0.002275     0.334585
   -0.000742     0.247352
    0.002146     0.174203
    0.000477     0.120533
   -0.000978     0.117903
    0.009424     0.372566
    0.001114     0.198624
   -0.042226     0.123717
    0.041603     0.116878
    0.063857     0.201841
   -0.000962     0.222373
    0.006211     0.205806
    0.007010     0.170550
    0.051824     0.007421
   -0.001385     0.116473
   -0.001741     0.342941
    0.371025     0.000031
    0.003891     0.295502
    0.004408     0.227472
   -0.008254     0.229762
   -0.010277     0.348498
    0.110559     0.008165
   -0.018846     0.029853
    0.016785     0.211176
   -0.000060     0.066703
    0.013511     0.093763
   -0.012272     0.021035
    0.000960     0.298030
    0.002881     0.033639
    0.025522     0.121417
   -0.004571     0.001277
    0.001816     0.001941
    0.000441     0.097563
    0.023018     0.073781
    0.003756     0.010649
    0.011773     0.047430
    0.004908     0.072746
    0.008702     0.243013
    0.041922     0.002512
   -0.008283     0.281227
    0.027762     0.244526
    0.516031     0.105857
    0.036375     0.122230
    0.007821     0.300469
    0.007239     0.336726
    0.019444     0.254324
   -0.000093     0.235324
    0.000470     0.398486
    0.412910     0.001761
   -0.004179     0.156736
   -0.001449     0.052295
    0.000406     0.379172
    2.122270     0.229623
    0.004577     0.371255
   -0.000252     0.017603
    0.000661     0.287628
   -0.001928     0.193769
    0.041997     0.312913
    0.050884     0.271403
   -0.012100     0.110182
    0.001675     0.010516
   -0.016230     0.195685
   -0.002503     0.040567
   -0.003146     0.335457
    0.203133     0.274010
   -0.117147     0.213133
   -0.002583     0.132684
    0.003983     0.133888
   -0.009475     0.004590
    0.013511     0.001768
    0.041072     0.097800
    0.003199     0.054762
    0.001072     0.155538
   -0.002557     0.307754
   -0.001996     0.000354
    0.001551     0.219517
    0.020992     0.044229
    0.008000     0.066439
   -0.123289     0.055220
    0.012825     0.246334
    0.063585     0.160527
   -0.013662     0.010054
    0.128049     0.240553
   -0.001638     0.112602
   -0.010112     0.343409
   -0.007695     0.251168
    0.002906     0.100986
   -0.013243     0.405643
    0.000563     0.097399
   -0.004868     0.376763
   -0.001457     0.074635
    0.003905     0.041946
   -0.001272     0.001444
    0.135339     0.163850
    0.049170     0.170478
    0.002068     0.310455
   -0.003029     0.352029
    0.010489     0.343909
    0.160006     0.018984
    0.000773     0.365093
    0.000860     0.202578
   -0.000089     0.028840
    0.013280     0.000904
    0.038844     0.230435
    0.006374     0.317089
   -0.001972     0.208494
   -0.000317     0.003048
   -0.003489     0.140579
   -0.085219     0.283830
   -0.001797     0.330759
   -0.002526     0.173206
   -0.006414     0.231458
   -0.006002     0.178019
   -0.002318     0.189000
   -0.003740     0.000379
    0.011581     0.348261
    0.105010     0.046163
   -0.000267     0.192724
    0.000460     0.003110
    0.003066     0.317653
    0.001784     0.008568
    0.006550     0.179088
    0.004114     0.086027
    0.153457     0.291433
   -0.000362     0.010782
    0.001356     0.216113
    0.016328     0.239728
    0.108551     0.232270
   -6.901476     0.226792
    0.023649     0.210814
    0.070068     0.335151
   -0.005665     0.238755
   -0.083879     0.310680
    0.001701     0.115347
   -0.000156     0.056395
   -0.000057     0.162656
   -0.000879     0.051526
   -0.004367     0.130552
    0.063846     0.120453
    0.001091     0.167397
    0.001577     0.280569
    0.006499     0.122132
   -0.001575     0.394666
    0.003563     0.154489
   -0.007240     0.379495
   -0.015037     0.172853
   -0.001793     0.192255
   -0.000194     0.342652
   -0.002927     0.084734
    0.009083     0.000167
   -0.016907     0.008375
   -0.005242     0.033451
    0.002648     0.068391
   -0.000629     0.106052
    0.011744     0.057026
    0.004722     0.224241
   -0.008878     0.170718
    0.016640     0.021335
   -0.002706     0.328449
   -0.007730     0.208365
   -0.004441     0.185169
    0.009395     0.002164
   -0.005978     0.045705
    0.132148     0.237377
    0.153711     0.215428
    0.014304     0.217447
    0.001340     0.183090
    0.034919     0.096784
    0.030531     0.049169
    0.000090     0.189358
    0.074653     0.115329
    0.034755     0.226820
    0.098047     0.332596
    0.001405     0.071029
   -0.002381     0.209488
    0.137149     0.213527
    0.046763     0.306532
   -0.038781     0.354348
   -0.008501     0.033359
    0.014719     0.295963
   -0.005857     0.207395
   -0.047442     0.322248
    0.001310     0.038906
    0.001885     0.422978
    0.003044     0.407867
    0.111315     0.065893
   -0.001525     0.121514
    0.000135     0.031976
    0.003340     0.000000
    0.023428     0.257802
    0.007443     0.191038
   -0.000574     0.290982
    0.000146     0.061883
   -0.000949     0.059562
   -0.005855     0.263196
   -0.004124     0.090044
    0.000928     0.002256
    0.003758     0.110961
    0.002073     0.188931
   -0.015795     0.000274
   -0.000652     0.197087
    0.004012     0.150156
   -0.005068     0.183448
    0.064561     0.346939
   -0.342115     0.032624
   -0.003648     0.006556
   -0.004109     0.377522
    0.047653     0.202158
    0.002278     0.000000
    0.040183     0.304974
   -0.003012     0.187474
    0.037965     0.127416
   -0.007846     0.027598
   -0.006527     0.210059
    0.012809     0.189411
    0.008601     0.362948
   -0.000034     0.008064
    0.006458     0.194419
    0.799616     0.041029
    0.047900     0.038936
   -0.005352     0.029977
    0.001058     0.064087
    0.006076     0.150935
    0.023939     0.066001
    0.061135     0.197054
    0.184385     0.024698
    0.032790     0.157560
   -0.004094     0.001296
    0.040047     0.357876
    0.054526     0.179309
    0.133454     0.209704
   -0.027775     0.139839
    0.003424     0.148615
    0.003636     0.026855
   -0.005320     0.082175
    0.000488     0.272243
    0.000081     0.052729
    0.002765     0.319686
    0.000261     0.051269
    0.002932     0.028425
   -0.003435     0.096690
    0.026543     0.317270
    0.009252     0.049134
    0.000340     0.166906
   -0.000952     0.046026
    0.001195     0.143457
   -0.013383     0.041869
   -0.000230     0.003263
    0.022837     0.000652
    0.008840     0.370192
   -0.013655     0.169705
   -0.002159     0.364281
   -0.017198     0.182798
    0.000989     0.305491
    0.000802     0.003420
   -0.000109     0.188549
   -0.000235     0.321741
   -0.001595     0.005852
    0.095084     0.141108
    0.005154     0.291667
    0.000424     0.335301
    0.101716     0.176517
   -0.002119     0.153901
    0.126609     0.012518
    0.011222     0.000663
    0.067066     0.191600
    0.001985     0.117096
    0.026727     0.003640
    0.006857     0.133422
    0.003842     0.182815
    0.005477     0.355144
    0.050835     0.319361
    0.001432     0.006214
   -0.002169     0.068646
   -0.211246     0.259829
    0.001846     0.351702
    0.002822     0.103784
   -0.041754     0.006071
    0.038898     0.077410
   -0.008985     0.060318
    0.001302     0.304221
   -0.000493     0.313768
   -0.000508     0.008875
    0.007801     0.005346
    0.020153     0.009192
    0.001407     0.089767
   -0.001542     0.000239
   -0.003784     0.000486
   -0.000583     0.415903
    0.010860     0.142931
    0.003393     0.061331
    0.001169     0.059814
   -0.000323     0.134707
   -0.009455     0.136794
   -0.000364     0.146318
    0.029441     0.404858
    0.024285     0.058785
   -0.011237     0.020992
   -0.000066     0.372588
   -0.005164     0.033241
    0.001680     0.133310
    0.242078     0.036692
   -0.001672     0.247416
   -0.005053     0.001482
   -0.031458     0.044762
   -0.000777     0.069656
   -0.005988     0.129933
   -0.014269     0.184706
    0.436195     0.028734
    0.015794     0.332301
   -0.001204     0.382283
    0.007616     0.082270
    0.003408     0.034445
   -0.003238     0.341283
    0.024429     0.005164
    0.015781     0.048532
    1.516736     0.348885
   -0.001332     0.298604
    4.477705     0.000971
    0.047761     0.192891
    0.097506     0.000911
    0.008410     0.332733
   -0.020041     0.029218
    0.009760     0.226382
    0.013393     0.374982
    0.018851     0.141068
   -0.009842     0.096775
   -0.005243     0.347306
    0.000634     0.255907
    0.020883     0.213389
    0.005825     0.092476
    0.005092     0.001289
    0.049836     0.321346
    0.000102     0.050886
    0.002585     0.066696
    0.001674     0.001676
    0.000655     0.000602
   -0.001256     0.063650
    0.001568     0.025221
   -0.001793     0.018603
    0.001415     0.378061
   -0.000948     0.433833
    0.009202     0.071483
   -0.002230     0.091529
    0.271568     0.051453
    0.010827     0.030749
    0.024890     0.385456
    0.001448     0.010320
   -0.001020     0.343799
   -0.002622     0.003889
   -0.001055     0.097196
   -0.043257     0.147364
   -0.007180     0.151101
    0.090502     0.013230
    0.007827     0.400388
   -0.124406     0.186698
    0.013988     0.159078
    0.025640     0.028738
   -0.001386     0.000005
   -0.000019     0.038749
    0.066060     0.224046
   -0.002184     0.256228
    0.283729     0.173383
    0.018830     0.142757
    0.000809     0.012849
    0.000943     0.379387
   -0.019117     0.184094
    0.576951     0.218486
    0.003090     0.385517
   -0.001914     0.181011
    0.000400     0.184404
    0.209041     0.319326
   -0.002894     0.378702
   -0.008238     0.196202
    0.481487     0.308293
    0.000220     0.185329
    2.519535     0.178315
    0.708825     0.111402
    0.015949     0.035462
    0.069527     0.075842
    0.001817     0.064495
   -0.009776     0.176473
    0.009887     0.120005
   -0.007191     0.020977
   -0.000073     0.400758
    0.108720     0.453555
    0.000014     0.037660
    0.004630     0.173997
    0.152860     0.399934
   -0.000025     0.018165
    0.001302     0.013820
    2.184585     0.440462
   -0.140600     0.044115
   -0.001956     0.147448
    0.001522     0.054420
   -0.001575     0.415657
    0.000160     0.084921
    0.000672     0.111201
    0.055107     0.383955
    0.005521     0.382947
   -0.003956     0.097220
    0.393498     0.028821
   -0.003555     0.378884
   -0.001759     0.127559
    0.001749     0.145963
    0.003318     0.355449
   -0.002083     0.004193
   -0.007596     0.398833
   -0.000883     0.156270
   -0.001721     0.003281
    0.000337     0.000064
    0.014178     0.150154
    0.037352     0.400164
    0.090306     0.026942
    0.005834     0.175641
    0.267042     0.381578
    0.011722     0.218989
   -0.000858     0.056710
    0.016488     0.290875
    0.001550     0.091639
    0.033545     0.000260
    0.023211     0.094493
    0.030595     0.270562
    0.017297     0.255371
    0.017063     0.064740
    0.008367     0.105710
    0.006923     0.000517
    0.003941     0.188707
    0.024639     0.382896
    0.001884     0.075118
   -0.007428     0.124240
   -0.033434     0.197369
    0.005609     0.379250
   -0.000134     0.054618
    0.001297     0.001230
    0.014317     0.071518
    0.002523     0.402169
    0.035737     0.381218
    0.032667     0.019881
   -0.000727     0.201599
   -0.000560     0.003766
   -0.004484     0.228593
   -0.013856     0.085185
    0.001650     0.417169
   -0.001078     0.007763
    0.004449     0.016411
    0.014438     0.313847
   -0.000463     0.003769
   -0.000779     0.057316
    0.000091     0.039830
    0.001559     0.239982
    0.014886     0.047046
   -0.004244     0.103129
    0.060850     0.064837
    0.016173     0.095015
   -0.009018     0.289405
   -0.000836     0.000321
    0.018530     0.057958
    0.064950     0.273949
   -0.002951     0.246296
    0.000274     0.154404
    2.896694     0.035693
    0.131206     0.023364
    0.078065     0.068656
    0.027407     0.000141
    0.151702     0.102974
    0.017678     0.099447
    0.326202     0.106506
    0.002626     0.006696
    0.015532     0.047849
    0.087777     0.107571
    0.016659     0.347015
    0.002812     0.029830
   -0.003147     0.029928
    0.002566     0.076335
   -0.000060     0.107578
   -0.014399     0.078419
   -0.012583     0.016808
    0.059701     0.151989
   -0.018808     0.037718
    0.051152     0.298119
   -0.000035     0.176980
   -0.006656     0.131207
    0.000062     0.107155
   -0.000035     0.118777
    0.001340     0.158397
   -0.000386     0.000053
    0.000642     0.429055
   -0.001588     0.456305
   -0.002050     0.391298
    0.005530     0.330726
   -0.000721     0.006404
    0.021877     0.345729
   -0.004939     0.356437
    0.001753     0.412568
    0.000545     0.465472
   -0.000381     0.013043
   -0.003056     0.432620
    0.006237     0.298388
    0.223168     0.016400
    0.000028     0.035238
    0.008247     0.235278
    0.009758     0.014665
    0.006038     0.000458
   -0.004979     0.355694
   -0.000510     0.012587
   -0.000054     0.058020
    0.002260     0.021246
   -0.001593     0.033684
    0.001280     0.432399
   -0.001897     0.058333
    0.000573     0.054731
    0.002253     0.000000
   -0.031209     0.000178
   -0.005255     0.104226
    0.000436     0.154405
    0.001259     0.118727
    0.043507     0.203630
   -0.002722     0.386923
   -0.002693     0.031151
   -0.012548     0.063046
   -0.465786     0.005990
    0.002007     0.061936
   -0.003329     0.139556
    0.030496     0.229782
   -0.002031     0.409870
    0.000069     0.186576
    5.112943     0.126152
   -0.002490     0.112927
    0.034234     0.380971
    0.085881     0.007294
    0.007636     0.157335
    0.035433     0.150020
    0.100614     0.026040
   -0.021050     0.166744
   -0.131698     0.197015
   -0.006307     0.160406
    0.037781     0.032722
   -0.105567     0.175528
    0.056039     0.090690
    0.000583     0.393058
    0.019327     0.245764
    0.013549     0.127629
   -0.011991     0.054885
   -0.008851     0.383298
    0.001642     0.007320
    0.000149     0.004015
   -0.001535     0.129057
    0.044411     0.170441
    0.251009     0.045154
   -0.000040     0.157279
   -0.000265     0.042913
   -0.000237     0.134841
   -0.007490     0.118316
   -0.000521     0.104819
   -0.009394     0.085058
    0.024404     0.083716
    0.000610     0.052194
    0.000005     0.161837
    0.000551     0.010116
    0.000094     0.460542
    0.107249     0.242095
    0.004155     0.261520
    0.003278     0.311268
   -0.000567     0.003530
    0.057646     0.298564
   -0.000513     0.061614
   -0.008195     0.139500
   -0.002694     0.004831
   -0.002974     0.344951
    0.211708     0.142300
   -0.002030     0.046335
    0.008445     0.247580
   -0.007628     0.036862
   -0.011524     0.046263
   -0.001108     0.291797
   -0.005005     0.041109
    0.022393     0.073469
    0.014091     0.000078
   -0.005453     0.011915
   -0.001055     0.378821
   -0.002302     0.080874
    0.000619     0.074614
   -0.024418     0.151953
    0.018892     0.412635
    2.758634     0.363603
   -0.001279     0.140470
    0.003247     0.287668
    0.113529     0.004515
    0.000234     0.175050
    0.013735     0.052803
    1.630903     0.404247
   -0.003795     0.096146
   -0.000447     0.189474
    0.010528     0.051972
   -0.004529     0.155157
   11.404317     0.305790
    0.063357     0.004670
   -0.001288     0.165265
   -0.005577     0.038846
    1.260384     0.396821
    0.010074     0.044154
    0.034241     0.060591
   -0.011602     0.159830
   -0.005729     0.118956
    0.006876     0.349762
    0.000509     0.403662
   -0.000328     0.026177
    0.003198     0.462890
   -0.002372     0.105046
   -0.002230     0.239602
   -0.031010     0.009698
   -0.001132     0.010693
   -0.003046     0.069556
    0.016928     0.450437
    0.000266     0.019616
    0.220233     0.301690
   -0.001571     0.045191
   -0.000049     0.046691
   -0.042088     0.428381
    0.000285     0.075074
    0.018038     0.208023
   -0.165586     0.316550
    0.000528     0.219099
    0.000580     0.089075
   -0.003495     0.051950
    0.003029     0.003285
   -0.000070     0.403731
    0.547309     0.423768
   -0.000314     0.113114
   -0.000658     0.056957
    0.126295     0.124815
    0.677670     0.164406
    0.000039     0.190991
    0.009079     0.050357
    0.259303     0.099269
   -0.128096     0.060766
    0.002174     0.027945
   -0.000574     0.395079
    0.068394     0.008919
    0.003137     0.242785
    0.013652     0.409174
    0.064617     0.110199
    0.060092     0.021298
   -0.016516     0.007102
    0.108062     0.406102
    0.003736     0.051887
   -0.012137     0.363054
    0.003176     0.388594
   -0.002398     0.105036
    0.004084     0.133928
    0.033169     0.242207
   -0.075354     0.399362
    0.004566     0.160158
    0.068787     0.144341
    0.005763     0.360871
   -0.000103     0.391446
   -0.000245     0.003224
    0.000015     0.136986
    0.007094     0.104176
    0.000625     0.127391
   -0.000090     0.046170
    0.022104     0.403365
   -0.001122     0.085057
   59.261597     0.459425
    0.039100     0.459398
   -0.002322     0.094575
   -0.002026     0.001167
   -0.002145     0.007944
    0.018322     0.341241
    0.018694     0.114507
    0.000465     0.068235
    0.000164     0.026034
   -0.005613     0.237194
    0.199810     0.077527
    0.026782     0.427267
    0.033849     0.230033
    0.009450     0.025215
    0.000877     0.022441
    0.031930     0.054586
   -0.005738     0.279789
    0.014047     0.024842
    0.001176     0.000000
   -0.003347     0.296686
   -0.008026     0.123893
    0.001509     0.090466
    0.071391     0.072490
   -0.005198     0.018077
    0.000672     0.129336
    0.000196     0.265865
   -0.004114     0.208073
   -0.000606     0.127872
    0.002057     0.139345
    2.363599     0.218684
    0.008430     0.347622
    0.002871     0.133126
    5.160369     0.098978
    0.165932     0.110574
    0.016977     0.079405
   -0.016204     0.155924
    0.006589     0.001138
   -0.011179     0.043937
   -0.004299     0.038600
   -0.013322     0.013615
    0.000387     0.378442
   -0.000400     0.373481
    0.003239     0.141228
   -0.000399     0.229855
    0.001101     0.069446
    0.000380     0.125043
    0.017283     0.437009
   -0.006963     0.094233
    0.000262     0.036229
    0.011573     0.012028
    0.011773     0.345980
    0.000625     0.042927
   -0.004998     0.420342
   -0.000946     0.032740
    0.001839     0.456253
   -0.004279     0.275442
    0.038774     0.000298
    0.003144     0.446706
   -0.002132     0.046554
    0.022935     0.009136
   -0.002679     0.356918
    0.001561     0.034316
    0.000249     0.028464
    0.000084     0.026265
   -0.020815     0.382200
   -0.001524     0.001676
    0.007379     0.432169
   -0.002598     0.092040
   -0.000160     0.066333
   -0.003775     0.376221
    0.204607     0.082114
    0.023616     0.396988
    0.019661     0.280977
   -0.000814     0.040921
    0.001396     0.000009
    0.007505     0.032805
    0.000644     0.019144
   -0.000631     0.412447
   -0.003354     0.065040
   -0.009387     0.004889
    0.001836     0.076241
   -0.004433     0.143341
    0.022885     0.000265
   -0.002246     0.133907
    0.017101     0.001123
    0.023514     0.092436
   -0.014648     0.355092
    0.002230     0.100830
   -0.049549     0.144878
   -0.020644     0.224981
    0.002543     0.127939
    0.001272     0.000215
    0.002066     0.196705
    0.000777     0.313463
    0.001264     0.426997
    0.000854     0.210899
    0.020857     0.026598
    0.000740     0.179928
    0.003123     0.028220
    0.017390     0.005699
    0.011054     0.097016
    0.003631     0.114583
   -0.024488     0.319200
    0.018152     0.466822
    0.004964     0.457913
    1.728020     0.357258
    0.002594     0.048428
    0.002383     0.028351
   -0.005772     0.461961
   -0.000010     0.010911
    0.021816     0.220661
   -0.003820     0.282330
    0.000917     0.335755
   -0.000262     0.012995
   -0.008308     0.222851
   -0.000427     0.035219
   -0.000107     0.037678
    0.018174     0.441365
    0.009533     0.048310
   -0.015898     0.386830
    0.006378     0.058936
    0.000086     0.017381
    0.005287     0.002674
    0.008362     0.001994
    0.000130     0.428876
   -0.001848     0.010879
   -0.007738     0.371309
   -0.002072     0.099966
    0.001348     0.097858
    9.689878     0.394320
    0.001628     0.398548
    0.005751     0.111301
    0.004988     0.267647
    0.010271     0.114263
    0.002504     0.109899
    0.046544     0.228085
   -0.576860     0.379012
    0.004642     0.123056
    0.000786     0.047722
    0.001456     0.301393
   -0.017879     0.014313
    0.003177     0.134730
   -0.004406     0.374835
    0.026660     0.403949
   -0.008664     0.086426
   -0.016685     0.340037
   -0.000337     0.000023
    0.000132     0.344790
   -0.000670     0.022318
   -0.154424     0.325074
   -0.000478     0.384878
    0.000170     0.213848
   -0.001800     0.013963
   -0.021351     0.042212
    0.003061     0.047165
    0.013520     0.248564
    0.001492     0.024921
    0.009297     0.000901
    0.002106     0.131452
    0.002470     0.013609
   -0.001082     0.031365
   -0.002821     0.000000
   -0.000281     0.047419
    0.003277     0.028605
    0.000145     0.003097
    0.000518     0.426270
   -0.005872     0.063559
    0.003798     0.456635
   -0.000240     0.068722
    0.033626     0.016867
   -0.001117     0.068993
    0.000608     0.033588
   -0.022296     0.374263
    0.007595     0.410506
    0.007122     0.024751
    0.002584     0.015079
   -0.003471     0.200106
   -0.000128     0.043428
   -0.007890     0.039377
    0.772389     0.269682
    0.025043     0.436999
    0.004614     0.064388
    0.000600     0.062486
    0.005671     0.000653
    0.019325     0.000881
    0.268335     0.315089
   -0.018308     0.231615
    0.001040     0.022600
    0.139933     0.061460
    0.003597     0.381857
   -0.000568     0.003015
    0.002862     0.006558
   -0.022991     0.414142
    0.236207     0.403750
    0.005600     0.002555
    0.000101     0.119820
    5.668632     0.369953
   -0.045059     0.128442
   -0.012004     0.088269
    0.009258     0.227750
   -0.010541     0.001238
   -0.016466     0.106772
   -0.024228     0.042612
    0.000736     0.343678
    0.001614     0.031293
   -0.006603     0.317098
    0.008953     0.123352
    0.039169     0.372737
   -0.000545     0.094859
   -0.000225     0.455394
    0.032320     0.162080
    0.007231     0.343406
   -0.000066     0.065851
    0.003154     0.079188
   -0.000079     0.452003
   -0.007062     0.019539
   -0.001772     0.083451
    2.827180     0.025577
   -0.000424     0.463965
   -0.001008     0.072978
   -0.004247     0.402876
   -0.000398     0.421946
    0.092201     0.240627
    0.003174     0.255867
   -0.004117     0.169666
   -0.127302     0.005054
   -0.001579     0.063723
    0.000856     0.048878
    0.000322     0.035239
    0.003363     0.438556
    0.054854     0.338000
   -0.011398     0.000021
    0.004284     0.000771
    0.005514     0.302076
   -0.000046     0.057756
   -0.001685     0.076660
    0.008034     0.239410
    0.598461     0.008395
   -0.010104     0.086885
   -0.006794     0.086643
    0.104571     0.085908
    3.113302     0.005606
   -0.005463     0.075570
   -0.021509     0.321332
   -0.101808     0.010327
    0.013881     0.030178
    0.004729     0.081890
    0.015428     0.041743
   -0.036696     0.018006
   -0.136310     0.000293
    0.008744     0.010361
    0.004126     0.108279
   -0.052617     0.333350
   -0.022091     0.000000
    0.018546     0.120361
    0.004717     0.096689
   -0.013215     0.403604
   -0.000188     0.353210
    0.000115     0.105103
   -0.000427     0.015756
   -0.012538     0.276093
    0.002786     0.179318
   -0.001004     0.279105
    0.003696     0.227208
    0.991679     0.199247
   -0.004128     0.070248
   -0.000231     0.003349
    0.040562     0.423392
    0.004320     0.186596
    0.010855     0.012009
   -0.000040     0.070447
    0.004307     0.431362
    0.000176     0.118796
    0.001531     0.125944
   -0.000065     0.002707
    0.000611     0.075891
    0.012481     0.148972
    0.001334     0.000816
    0.000275     0.322491
    0.000816     0.421943
    0.021074     0.463521
    0.137295     0.021868
   -0.000381     0.041388
   -0.002466     0.061288
    0.001124     0.010513
    0.004700     0.000409
    0.014705     0.451566
    0.002267     0.024691
   -0.013669     0.172879
   -0.000049     0.036710
   -0.009813     0.434675
    0.881974     0.017312
    0.000746     0.000012
   -0.001551     0.413048
    0.000547     0.006141
    0.008908     0.057254
   -0.003692     0.065003
    0.004246     0.306040
    0.000257     0.001484
    0.038650     0.211753
   -0.004817     0.131293
    0.001341     0.422050
    0.000440     0.074809
    0.076843     0.266127
   -0.012699     0.199836
    0.059960     0.016008
   -0.024035     0.093868
    0.010944     0.170961
   -0.002297     0.024097
    0.012350     0.097625
    0.025160     0.207319
   -0.006472     0.426291
    0.148852     0.001702
    0.011621     0.338696
    0.003935     0.088454
   -0.028461     0.366215
    0.026017     0.252327
    0.002091     0.011991
    0.050134     0.067818
    0.011499     0.373257
    0.002589     0.308115
    0.002037     0.023094
   -0.000533     0.016605
   -0.002250     0.146176
    0.006885     0.001124
   -0.010730     0.057524
   -0.001555     0.369996
   -0.003135     0.114010
   -0.003763     0.132201
    0.059188     0.131746
    0.000327     0.124608
    0.013625     0.097101
    0.000117     0.050915
    0.002519     0.152367
   -0.000030     0.002138
   -0.001144     0.002865
   -0.002747     0.121668
    0.013764     0.415346
    0.057713     0.149541
    0.000937     0.420280
   -0.003447     0.027449
    0.001303     0.079981
   -0.003171     0.022984
   -0.000300     0.025407
   -0.001812     0.368603
   -0.000643     0.029413
    0.017064     0.311552
   -0.000897     0.447792
    0.059965     0.280921
   -0.576777     0.327776
   -0.001411     0.148804
    0.044685     0.303944
    0.003340     0.447011
    0.006577     0.044649
    0.002885     0.023548
    0.072657     0.245233
    0.050686     0.041141
   -0.007883     0.126522
    0.060783     0.111583
    0.002450     0.070762
    0.033897     0.019598
   -0.000849     0.034362
   -0.007152     0.121248
    0.002962     0.346867
   -0.075413     0.065322
    0.124911     0.189055
    0.010707     0.407537
    0.000868     0.064340
    0.000947     0.062126
   -0.002618     0.392849
    0.002030     0.396949
   -0.000103     0.082366
    0.447087     0.308220
    0.195069     0.105277
   -0.003803     0.075789
   -0.012024     0.163301
   -0.011844     0.075787
    0.024404     0.005974
   -0.009120     0.384990
   -0.003057     0.005032
    0.002459     0.282409
    0.000617     0.005962
    0.030622     0.174718
    0.100280     0.362961
    0.425904     0.438137
    0.002271     0.084896
    0.002328     0.451067
    0.000148     0.448227
    0.006858     0.452215
    0.014871     0.461162
    0.282570     0.012804
    0.008441     0.451291
    0.016017     0.055636
   -0.002089     0.006169
    0.092769     0.382360
    0.003015     0.215310
   -0.004936     0.035429
   -0.012799     0.464685
    0.003368     0.055011
    0.002160     0.357080
    0.002958     0.000000
   -0.000274     0.026067
   -0.001799     0.232885
   -0.000050     0.047731
   -0.000233     0.030625
    0.015884     0.237709
    0.011853     0.394670
   -0.003181     0.038628
   -0.000230     0.134854
    0.014973     0.391428
    0.000309     0.452380
    0.627653     0.084915
    0.000000     0.022173
    0.004917     0.028583
    0.005549     0.022996
    0.000189     0.012037
    0.025122     0.331784
    0.061055     0.447114
    0.000719     0.029823
    1.451992     0.074375
    0.007674     0.187259
   -0.000152     0.058332
   -0.003374     0.100711
    0.278797     0.004425
   -0.050573     0.239227
    0.022843     0.000000
    3.774978     0.002896
    0.035393     0.011058
   -0.001681     0.058149
    0.002248     0.313891
   -0.010051     0.020900
    0.068058     0.002817
    0.000318     0.002414
    0.029826     0.001400
   -0.010975     0.086965
   -0.053812     0.023195
   -0.013838     0.272554
   -0.004563     0.355837
   -0.088669     0.054079
   -0.004889     0.116842
   -0.007617     0.268513
    0.121217     0.427067
    0.003831     0.257958
    0.018298     0.203405
   -0.004349     0.121379
    0.005340     0.342878
   -0.000472     0.060200
   -0.002932     0.400331
   -0.008100     0.021718
    0.001276     0.077844
   -0.004102     0.020910
    0.031867     0.347901
    0.016493     0.130029
   -0.004549     0.063457
    0.001989     0.362994
   -0.001329     0.385526
    0.000370     0.035963
   -0.005196     0.312473
    0.009044     0.068948
    0.000320     0.430182
   -0.000597     0.007350
   -0.000249     0.411264
   -0.002786     0.428906
    0.008320     0.011440
   -0.006675     0.005874
    0.016514     0.358644
    0.001719     0.042376
    0.051281     0.048772
   -0.042236     0.128876
   -0.003871     0.232683
    0.015340     0.437597
    0.077188     0.059157
    0.371822     0.367405
   -0.004199     0.062694
   -0.003306     0.068587
   -0.120922     0.249809
   -0.162275     0.072281
    1.684414     0.350116
   -0.010789     0.072413
   -0.000292     0.018402
    0.028106     0.404202
   -0.007250     0.031800
    0.009181     0.392179
    0.014223     0.042178
   -0.000559     0.077170
   -0.163265     0.379528
   -0.009859     0.350316
    0.002125     0.048884
   -0.006631     0.065118
    0.007855     0.398222
   -0.006574     0.201758
    0.000749     0.001675
   -0.002568     0.279728
    0.279093     0.216046
   -0.001851     0.111666
   -0.002037     0.000201
   -0.000377     0.029855
   -0.000488     0.058725
    0.002873     0.063856
    0.001564     0.000068
    0.025504     0.001272
    0.000595     0.105838
    0.007791     0.231731
    0.002078     0.034295
    0.027661     0.466602
   -0.000759     0.130318
    0.003353     0.468292
    0.000124     0.079251
   -0.001116     0.260564
    0.049608     0.027486
    0.000241     0.011447
   -0.010155     0.276309
    0.006922     0.020140
    0.527257     0.437733
    0.003179     0.091040
   -0.006842     0.459852
   -0.003360     0.016402
    0.042338     0.060289
   -0.011279     0.439309
    0.006470     0.437364
    0.006926     0.047744
   -0.000198     0.018834
    0.007231     0.029579
   -0.007742     0.220722
   -0.419546     0.166502
    0.017313     0.047206
   -0.003528     0.041942
   -0.047415     0.230830
   -0.005577     0.190274
   -0.104187     0.104875
    0.144454     0.232036
   -0.002380     0.070734
   -0.042170     0.434110
   -0.004305     0.000010
   -0.010178     0.022140
   -0.004255     0.238915
    0.043787     0.350151
    0.000050     0.309642
    0.001175     0.195414
   -0.000127     0.364625
    0.000337     0.142501
    0.009665     0.132767
    0.006361     0.155687
    0.040600     0.098543
   -0.004377     0.118232
    0.002413     0.000020
    0.002399     0.003088
   -0.002353     0.001347
    0.000544     0.259717
   -0.017194     0.098052
   -0.123591     0.022405
   -0.000937     0.032835
   -0.000028     0.073021
    0.008679     0.008030
    0.070516     0.019844
   -0.002306     0.099719
    0.001848     0.218317
    0.000019     0.144253
    0.012200     0.445564
    0.005793     0.099122
    0.000449     0.399380
   -0.001464     0.196583
   -0.000405     0.000664
    0.001567     0.000173
    0.154225     0.080320
    0.000897     0.178535
   -0.000606     0.086253
    0.000312     0.001145
   -0.122215     0.099066
   -0.001281     0.387963
   -0.003957     0.000000
   -0.001161     0.021594
   -0.000331     0.235293
   -0.230356     0.121870
   -0.003164     0.015413
    0.013543     0.270073
   -0.002617     0.429891
    0.198893     0.238857
   -0.011665     0.027731
   -0.005879     0.358467
   -0.080352     0.428084
   -0.011645     0.064917
    0.027573     0.368728
    0.008600     0.029311
    0.010637     0.012791
   -0.028033     0.265850
    0.005097     0.182745
    0.000013     0.047594
   -0.004042     0.023941
   -0.058465     0.096832
    0.017798     0.118436
   -0.001111     0.058129
    0.014274     0.055070
   -0.011926     0.441083
    0.021030     0.171046
    0.004005     0.004742
    0.000437     0.247146
    0.001469     0.401977
   -0.001986     0.113735
   -0.001077     0.051078
   -0.000579     0.197854
   -0.001275     0.029056
   -0.000473     0.260919
    0.006428     0.164506
    0.005154     0.264690
    0.022615     0.298625
    0.127480     0.254993
    0.599429     0.245678
    0.000016     0.369846
    0.002531     0.226935
    0.037958     0.399409
    0.006424     0.216930
   -0.003882     0.402133
   -0.002387     0.213476
   -0.007114     0.378130
   -0.001086     0.206965
    0.004632     0.313834
   -0.003624     0.006411
    0.002285     0.175110
    0.220946     0.183248
    0.040427     0.190540
    0.005839     0.162508
   -0.000782     0.128989
    0.001262     0.055564
    0.003492     0.041391
    0.001312     0.019053
    0.000071     0.418260
   -0.006645     0.098372
    0.000459     0.094990
    0.000634     0.015952
   -0.015429     0.462200
    0.000058     0.028633
    0.155321     0.434273
    0.001848     0.065054
    0.023377     0.217789
   -0.025661     0.463446
   -0.001435     0.001282
    0.037205     0.000000
   -0.002621     0.415262
    0.030662     0.019427
   -0.002156     0.460688
   -0.000310     0.002517
   -0.018403     0.018654
   -0.006062     0.450369
   -0.065552     0.453827
    0.258189     0.036804
   -0.035779     0.000290
    0.003357     0.130370
   -0.158104     0.345651
    0.011298     0.010836
   -0.000406     0.029803
   -0.048695     0.052405
    0.019283     0.341504
   -0.008381     0.004775
    2.869233     0.396961
   -0.000082     0.021620
   -0.007281     0.443350
    0.136633     0.013260
   -0.001589     0.016008
    0.001827     0.078770
    0.003602     0.000042
    0.021676     0.354909
    0.007221     0.375351
   -0.020808     0.001016
    0.009071     0.050539
    0.000219     0.162277
    0.007984     0.309506
   -0.069366     0.036174
   -0.000448     0.019173
    0.020571     0.015795
   -0.003039     0.190229
    0.049694     0.182668
   -0.000303     0.115379
   -0.000653     0.465155
   -0.002130     0.122883
   -0.001530     0.384203
   -0.010325     0.278238
    0.000484     0.022464
   -0.001059     0.447435
   -0.005082     0.293282
    0.000681     0.004822
    0.005336     0.092623
    0.010377     0.052464
    0.000744     0.020309
   -0.013226     0.107466
    0.001041     0.034171
   -0.005185     0.249664
    0.056704     0.004227
   -0.009009     0.412913
    0.000179     0.035533
   -0.038358     0.145733
    0.001408     0.013058
   -0.012516     0.458468
   -0.000529     0.003594
   -0.016707     0.104313
    1.394970     0.003356
   -0.005020     0.372619
    0.023444     0.418937
    0.011288     0.357022
   -0.012960     0.432263
    0.043060     0.005247
    0.043455     0.116300
    1.931258     0.036728
    0.018893     0.020288
    0.091951     0.448483
   -0.001244     0.032516
    0.026981     0.041886
    0.002979     0.371529
    0.061618     0.059173
    0.745315     0.021790
    0.006749     0.359207
    0.019602     0.280602
   -0.017824     0.006937
   -0.001748     0.139065
   -0.001241     0.145889
    0.023332     0.426070
   -0.000420     0.145975
    0.003973     0.077747
   -0.001749     0.000199
   -0.002094     0.122844
   -0.000139     0.192343
    0.007092     0.450249
   -0.000895     0.092849
   -0.526990     0.151143
   -0.000712     0.402356
   -0.004012     0.467432
    0.161820     0.423188
   -0.001167     0.065040
    0.003105     0.080737
    0.001505     0.117186
   -0.013832     0.023087
    0.003256     0.009792
    0.008727     0.029609
   -0.033622     0.026853
   -0.000480     0.062625
   -0.006558     0.202300
   -0.013609     0.380147
    0.591839     0.036911
   -0.001899     0.011408
   -0.127615     0.256302
   -0.029406     0.107367
    0.000370     0.050211
    0.001809     0.123005
   -0.003506     0.421516
    0.083159     0.441768
    0.111538     0.072871
   -0.000385     0.124898
   -0.027264     0.005685
   -0.008123     0.444588
   -0.018096     0.106961
    0.002222     0.361592
   -0.009279     0.000006
   -0.000230     0.438312
    0.008001     0.432889
    0.006469     0.218927
    0.000362     0.268500
    0.065547     0.316782
    0.003068     0.060914
   -0.004888     0.262226
    0.001255     0.022194
   -0.004008     0.105538
    0.402106     0.251569
   -0.001274     0.255173
    0.529730     0.160029
    0.011208     0.408208
    0.003586     0.406122
    0.011960     0.319213
   -0.007488     0.216162
    0.010205     0.000071
    0.003599     0.142434
    0.033019     0.206778
    0.017026     0.114131
    0.004747     0.121743
    0.007822     0.166890
   -0.001103     0.256796
    0.006442     0.365352
    0.002135     0.124531
   -0.006421     0.447774
    0.047346     0.444522
    0.666787     0.442224
    0.032007     0.292895
   -0.002058     0.058241
    0.135205     0.148335
    0.035651     0.072677
   -0.015567     0.426045
    0.018648     0.148392
    0.005181     0.108024
    0.000542     0.000007
   -0.004369     0.001208
   -0.000447     0.264639
    0.000871     0.081946
   -0.011475     0.024895
    0.000363     0.463766
    0.174602     0.443266
   -0.002995     0.201246
   -0.143123     0.065383
   -0.000766     0.065996
    0.003883     0.457988
   -0.000238     0.031650
   -0.005358     0.014814
   -0.002561     0.237465
   -0.141175     0.209365
   -0.000757     0.021974
   -0.035608     0.352562
   -0.014793     0.176023
   -0.000029     0.029318
    0.051766     0.295906
   -0.006931     0.197923
   -0.005480     0.278353
    0.000280     0.430559
    0.481512     0.178824
    0.006187     0.050539
   -0.013876     0.369464
   -0.003094     0.044377
    0.000875     0.280654
   -0.000823     0.124198
   -0.000701     0.335470
    0.002128     0.095409
    0.002285     0.145912
    0.003717     0.360319
    0.000577     0.298527
    0.003975     0.295718
    0.011182     0.204667
    0.002201     0.096672
   -0.006476     0.284111
    0.027711     0.025769
    0.000585     0.003655
    0.000337     0.429478
    0.111646     0.000192
    0.002308     0.000402
    0.000571     0.006013
    0.026770     0.189460
    0.008370     0.033820
   -0.000896     0.096789
    0.005745     0.454846
    0.002247     0.159072
    0.000512     0.193520
   -0.009259     0.000000
    0.001914     0.172932
   -0.000943     0.062466
    0.044287     0.086431
   -0.001310     0.376322
    0.000279     0.047810
   -0.011576     0.430105
    0.002057     0.000532
   -0.034324     0.316710
    0.206577     0.089861
   -0.035697     0.429587
   -0.014264     0.371507
   -0.224875     0.031571
   -0.000864     0.062903
   -0.005720     0.086245
    0.097419     0.076034
   -0.046565     0.322380
   -0.003702     0.044764
   -0.009329     0.104369
   -0.000455     0.459863
   -0.167551     0.447505
   -0.004997     0.000847
   -0.005165     0.000788
   -0.000365     0.046120
    0.041452     0.186920
   -0.001433     0.033298
    0.156567     0.377911
   -0.101030     0.452717
   -0.000137     0.020873
    0.016925     0.002839
    0.196498     0.013139
    0.012206     0.247988
    0.230645     0.267401
   -0.018632     0.190434
    0.056953     0.410989
   -0.001864     0.374069
    0.000465     0.006569
   -0.017198     0.329970
    0.005872     0.130365
   -0.000897     0.303893
    0.006715     0.368890
   -0.001575     0.015813
   -0.002426     0.306595
   -0.001025     0.048236
    0.000657     0.001587
    0.000435     0.334285
    0.001797     0.019522
   -0.001435     0.035211
   -0.000997     0.007941
    0.076957     0.034469
   -0.006560     0.160650
    0.001252     0.018224
    0.003311     0.001310
    0.000210     0.432196
    0.000409     0.155942
    0.002561     0.371502
   -0.006573     0.137523
   -0.009255     0.114513
   -0.018218     0.422081
   -0.053079     0.466221
   -0.078971     0.397240
   -0.022940     0.049689
    0.019398     0.078250
   -0.007765     0.147522
    0.001400     0.081870
   -0.019982     0.000007
   -0.000177     0.101271
   -0.009771     0.100853
   -0.013448     0.041333
   -0.001791     0.018034
   -0.046484     0.140733
    0.021103     0.068827
   -0.003128     0.452751
    0.009102     0.167124
   -0.032103     0.012416
    0.000047     0.038183
   -0.001817     0.000358
    0.000159     0.044619
    0.017135     0.464953
    0.003743     0.044021
    0.002105     0.256863
    0.033877     0.002403
   -0.007785     0.298345
    0.557683     0.030534
   -0.001554     0.003020
    0.262990     0.437706
   -0.152273     0.444783
    0.324240     0.368122
    0.001052     0.014577
    0.069955     0.155872
    0.074049     0.449852
    0.003173     0.003867
   -0.022644     0.015862
   -0.001586     0.129541
   -0.000888     0.250721
   -0.001723     0.274983
   -0.013751     0.403885
   -0.001637     0.380025
    0.002569     0.399682
   -0.039484     0.254566
    0.005193     0.014285
    0.118081     0.116111
    0.000635     0.042172
   -0.002178     0.013896
   -0.000382     0.267970
    0.001215     0.006509
   -0.002981     0.008726
   -0.000585     0.023913
   -0.151129     0.068358
   -0.008046     0.166171
   -0.001640     0.194406
   -0.023225     0.315985
   -0.020160     0.434377
    0.020509     0.412107
   -0.007480     0.446139
   -0.146142     0.290820
    1.480810     0.180942
   -0.004040     0.048169
   -0.472114     0.458579
    0.000001     0.026229
   -0.002379     0.031841
    0.035766     0.135482
   -0.002415     0.031442
    0.026837     0.097463
    0.040531     0.069337
   -0.010025     0.106900
   -0.002898     0.339596
    0.009051     0.236363
   -0.037545     0.378304
    0.000202     0.085596
    0.000437     0.000237
    0.000467     0.116723
    0.001568     0.080788
   -0.000630     0.022401
    0.026125     0.002189
    0.036885     0.196531
   -0.014978     0.102190
    0.001169     0.039959
   -0.012969     0.440401
    0.023800     0.417555
    0.000323     0.025678
   -0.008875     0.018694
    0.001031     0.026159
    0.144014     0.239870
   -0.014753     0.117768
    0.040828     0.375615
   -0.225985     0.051645
    0.026435     0.024476
    0.428225     0.268648
    0.076203     0.421026
    0.025547     0.021884
   -0.164152     0.083557
    0.005861     0.305258
    0.001764     0.353453
    0.948251     0.312569
   -0.001782     0.032010
    0.019243     0.077384
   -0.000638     0.277611
   -0.008110     0.207015
   -0.207565     0.292013
    0.004712     0.313397
   -0.003574     0.044381
    0.055750     0.196519
    0.025828     0.453331
    0.000595     0.004524
    0.002054     0.078665
    0.001434     0.084476
   -0.003270     0.456090
   -0.000567     0.168240
   -0.000315     0.079210
    0.005019     0.139576
   -0.000029     0.011360
   -0.014268     0.002775
   -0.011257     0.182706
   -0.007158     0.261768
    0.000733     0.092786
   -0.018149     0.458486
   -0.002823     0.096857
   -0.002468     0.418235
    0.006024     0.094014
    0.001353     0.091133
    0.004689     0.393233
   -0.002876     0.050462
   -0.010499     0.040304
    0.000197     0.090203
    0.045855     0.000016
   -0.008669     0.461421
    0.086249     0.102055
   -0.003839     0.029209
   -0.053171     0.015943
    0.037371     0.374285
    0.000554     0.056364
   -0.001109     0.045248
    0.025575     0.007505
    0.009292     0.451339
    0.001606     0.118880
    0.002287     0.031599
    0.064039     0.040087
    0.026025     0.450687
    0.000226     0.000000
    0.009215     0.268289
    0.621944     0.401720
    0.029850     0.201887
   -0.002926     0.012092
   -0.001848     0.321020
   -0.009830     0.331865
   -0.007008     0.053921
    0.013252     0.274834
   -0.047005     0.086054
    0.037502     0.269843
    0.005724     0.260773
   -0.008562     0.020308
    0.032254     0.315066
   -0.004863     0.304155
    0.113961     0.280715
    0.018835     0.209604
    0.000249     0.139876
   -0.000706     0.002978
    0.008240     0.090405
   -0.002358     0.418689
   -0.007051     0.067027
   -0.055575     0.072143
    0.001434     0.068611
    0.009794     0.130673
    0.022663     0.092291
    0.015153     0.132077
    0.003095     0.177711
    0.041219     0.405304
    0.007653     0.212547
    0.635323     0.205801
    0.006327     0.214715
    0.000209     0.164759
    0.001702     0.060268
   -0.003706     0.460055
   -0.030106     0.000369
    0.000153     0.180286
   -0.242064     0.166741
   -0.002585     0.437184
   -0.007025     0.000257
   -0.002892     0.385594
   -0.003972     0.252998
   -0.026464     0.053455
    0.000304     0.039422
   -0.007936     0.466547
    0.000179     0.087300
    0.025525     0.108965
   -0.029305     0.076774
   -0.003775     0.467564
   -0.006335     0.213461
    0.000279     0.047379
   -0.052363     0.436316
   -0.013554     0.008111
    0.008669     0.390761
    0.008116     0.021592
   -0.032187     0.024735
    0.025012     0.054952
   -0.016070     0.066725
    0.063052     0.008572
    0.003072     0.065701
    0.058584     0.336580
    0.049184     0.245532
    0.034619     0.453274
   -0.002541     0.019488
    0.000050     0.011429
    0.107880     0.252438
   -0.001061     0.034992
    0.021848     0.000644
   -0.020563     0.462962
    0.048375     0.011297
    0.005515     0.001847
    0.000189     0.025184
    0.001520     0.367653
    0.002945     0.171238
    0.062555     0.000000
   -0.038105     0.275017
   -0.096953     0.140761
   -0.006470     0.181134
   -0.036291     0.347392
   -0.001277     0.413361
    0.000920     0.371589
   -0.018220     0.359362
   -0.004179     0.280942
    0.015211     0.070958
   -0.025510     0.188521
   -0.001755     0.038488
   -0.003426     0.127500
   -0.002039     0.219963
   -0.022292     0.104035
   -0.018511     0.110075
   -0.004635     0.146974
    0.148428     0.223145
   -0.004050     0.033918
   -0.001992     0.324162
   -0.009272     0.116185
   -0.002759     0.416575
   -0.006762     0.453797
   -0.025743     0.382825
   -0.012094     0.429015
   -0.019518     0.177101
   -0.003429     0.137812
   -0.012337     0.009536
    0.005092     0.004395
   -0.005765     0.254327
    0.031416     0.091954
   -0.008193     0.049867
    0.008262     0.458861
    0.001170     0.143866
   -0.004981     0.051454
    0.007847     0.065290
   -0.109982     0.047907
   -0.000069     0.440014
    0.635313     0.408192
    0.339619     0.263889
    0.000453     0.038043
    0.067028     0.466309
   -0.049307     0.024882
   -0.000639     0.090259
   -0.001360     0.018805
    0.049237     0.277672
    0.020792     0.248169
    0.073405     0.080226
    0.037127     0.349714
    0.006181     0.343467
    0.002961     0.001714
    0.001097     0.045369
    0.000628     0.023685
    0.226012     0.304103
    5.385884     0.094391
    0.639832     0.032634
    0.004352     0.236706
   -0.004590     0.002754
    1.067937     0.296931
   -0.001581     0.013373
    0.019207     0.325829
   -0.000814     0.317017
    1.260350     0.049833
    0.016687     0.247611
    0.001364     0.254369
   -0.003145     0.254259
   -0.000918     0.120766
   -0.000727     0.217985
   -0.002589     0.426122
    0.002734     0.246701
   -0.013750     0.028543
   -0.009104     0.293976
    0.012437     0.175640
   -0.006033     0.039949
   -0.003210     0.188838
   -0.016131     0.184724
    0.041249     0.067863
   -0.044954     0.166959
    0.000204     0.129154
   -0.016472     0.121637
   -0.007349     0.450303
   -0.087421     0.048906
   -0.003782     0.000218
    3.575434     0.445782
    0.001721     0.000000
   -0.005015     0.320337
   -0.016323     0.001826
    0.006232     0.322495
    0.017947     0.003295
    0.001308     0.006730
    0.004940     0.386605
   -0.001906     0.044712
   -0.000012     0.096497
    0.000992     0.064145
    0.018673     0.346202
    0.156523     0.328873
    0.070592     0.446832
    0.005384     0.092766
   -0.025800     0.057565
    0.095820     0.014920
   -0.003148     0.000019
   -0.001183     0.072636
    0.011918     0.115644
    0.001613     0.424773
    0.309976     0.423945
    0.001244     0.054966
   -0.000720     0.024511
   -0.011197     0.045130
   -0.002569     0.330408
    0.003714     0.157363
   -0.000681     0.361363
    0.017542     0.328617
   -0.095304     0.146529
   -0.000533     0.305964
    0.005130     0.284437
    1.293434     0.001377
   -0.000540     0.163682
   -0.002559     0.275066
   -0.001281     0.297231
    0.495287     0.025206
    0.001099     0.087516
   -0.039943     0.158266
   -0.002061     0.270067
    0.007134     0.273943
   -0.026891     0.277186
   -0.004410     0.006368
   -0.014786     0.060826
    0.008278     0.161322
    0.050513     0.037411
   -0.000862     0.137298
   -0.004672     0.201557
   -0.002609     0.036820
   -0.039597     0.164756
   -0.178996     0.000638
   -0.006552     0.190703
    0.020543     0.254121
   -0.008107     0.079735
    0.001213     0.112314
    0.020719     0.091994
    0.013373     0.446884
   -0.004894     0.388014
   -0.000595     0.089233
    0.001124     0.457164
   -0.005554     0.155733
   -0.009227     0.272269
   -0.003637     0.075256
   -0.000963     0.117844
    0.044167     0.072499
    0.021356     0.270006
   -0.006074     0.082547
    0.004077     0.083042
   -0.011165     0.461275
    0.003338     0.163496
    0.173372     0.452044
   -0.001150     0.105578
    0.000217     0.067793
    0.025622     0.069306
    0.094534     0.227844
    0.002698     0.006205
   -0.009592     0.051643
    0.090258     0.462361
    0.011418     0.011225
   -0.005725     0.423285
    0.003979     0.071446
    0.000233     0.054277
   -0.017319     0.237595
    0.000595     0.043747
    0.007423     0.381358
   -0.001351     0.276513
   -0.001141     0.147302
   -0.001394     0.246588
    0.000119     0.011207
    0.003936     0.000020
   -0.000042     0.133100
   -0.042065     0.047459
   -0.001331     0.286770
    0.045536     0.138116
    0.018065     0.025691
   -0.009981     0.376133
    0.007453     0.000000
    0.009203     0.198078
   -0.006324     0.415725
    0.494967     0.415656
    0.000459     0.293768
    3.147424     0.226661
   -0.421199     0.428310
    0.007785     0.234174
    0.027123     0.432023
    0.001091     0.227069
    0.001564     0.435788
    0.000292     0.206766
   -0.044501     0.439000
    0.002816     0.170611
    0.000173     0.431667
   -0.000143     0.251858
    0.273701     0.114355
    0.002306     0.395533
    0.008166     0.038276
   -0.015153     0.308240
    0.001387     0.157047
   -0.005697     0.027334
   -0.004264     0.370901
   -0.000869     0.201527
   -0.177131     0.001960
    0.001104     0.459259
    0.004484     0.163938
   -0.006469     0.278758
   -0.012918     0.152832
    0.007071     0.062374
    0.007749     0.062966
   -0.000998     0.000765
    0.018335     0.152693
   -0.001631     0.428480
   -0.001370     0.059836
   -0.001975     0.327793
    2.654621     0.188856
    0.001939     0.128087
    0.058542     0.000135
    0.147924     0.006472
    0.007216     0.365770
    0.003520     0.114927
    0.415166     0.043943
    0.012167     0.125458
    0.011318     0.096452
    0.029205     0.457404
    2.457601     0.420126
    0.078075     0.006886
    5.723361     0.018033
    0.003509     0.188733
    0.193716     0.084294
   -0.000434     0.004388
    0.054656     0.071516
   -0.005183     0.069728
    0.014122     0.449203
   -0.000181     0.348441
   -0.506897     0.369169
    0.031985     0.074387
    0.116208     0.188420
   -0.127480     0.018661
   -0.017653     0.126557
   -0.006067     0.416196
    0.003300     0.265767
   -0.007141     0.014494
   -0.007070     0.231322
   -0.010767     0.262389
   -0.001915     0.185705
   -0.002936     0.051646
   -0.001579     0.446925
   -0.013060     0.112049
    0.158218     0.101730
   -0.014885     0.404353
   -0.012989     0.008279
   -0.016952     0.035171
   -0.003825     0.083219
    0.021570     0.318670
    0.008281     0.176919
   -0.006083     0.459201
    0.000890     0.337631
   -0.000444     0.153592
    0.163503     0.121793
    0.672926     0.211830
    0.022846     0.169315
    0.006094     0.149351
    0.087969     0.022086
    0.044470     0.276977
    0.042587     0.107987
    0.000824     0.042337
    0.006361     0.331991
    0.001430     0.120606
   -0.012886     0.378045
    0.016663     0.007256
    0.001721     0.001323
    0.003590     0.467599
    0.094298     0.000307
    0.046061     0.024865
    0.000495     0.096154
    0.092482     0.037945
    0.012846     0.073920
    0.078028     0.074920
   -0.053043     0.467282
    0.022097     0.037118
   -0.010566     0.029595
   -0.016856     0.128724
   -0.002166     0.329345
   -0.002457     0.061414
   -0.017015     0.319055
   -0.001557     0.298767
   -0.009228     0.052555
   -0.213111     0.165163
   -0.030078     0.103714
    0.109471     0.398209
    0.000823     0.334867
    0.034840     0.017757
   -0.012454     0.399049
   -0.006350     0.343677
    0.001199     0.042346
   -0.006531     0.012864
   -0.004281     0.203235
   -0.001174     0.070191
   -0.034719     0.011847
    0.003339     0.035868
   -0.011966     0.286214
   -0.009539     0.407783
   -0.591665     0.000429
   -0.002507     0.001947
   -0.021151     0.030447
   -0.007116     0.233770
    0.154565     0.114340
    0.015566     0.267365
   -0.001088     0.029028
   -0.001815     0.406405
    0.013435     0.138273
    0.022714     0.450744
    0.008141     0.073962
    0.003416     0.208845
    0.035377     0.207091
    0.459167     0.339963
    0.005341     0.229307
    0.010198     0.189473
    0.020298     0.095881
    0.003056     0.077050
   -0.005360     0.067262
    0.013189     0.419135
   -0.002150     0.019092
    0.003961     0.207809
   -0.035575     0.098319
   -0.000212     0.020589
   -0.030425     0.218062
    0.003397     0.085544
    0.006300     0.461465
    0.134659     0.231029
    0.002136     0.064773
    0.002284     0.134168
   -0.094767     0.101813
    0.080795     0.003316
    0.003676     0.001414
    0.058632     0.052181
    0.014172     0.442043
   -0.356432     0.082286
    0.000072     0.106128
    0.024350     0.047356
    0.022539     0.466169
    0.203085     0.254905
    0.050936     0.090465
    0.447064     0.038659
   -0.001425     0.225537
   -0.006629     0.010050
    0.014518     0.344214
   -0.001170     0.336575
   -0.003824     0.045212
   -0.108967     0.278193
    0.002861     0.000421
   -0.012765     0.067439
   -0.052237     0.179944
   -0.002243     0.072032
    0.021016     0.248042
   -0.003492     0.007953
    0.000482     0.286165
    1.052598     0.278517
   -0.187220     0.422659
    0.029677     0.286521
   -0.008935     0.010746
    0.003153     0.283722
   -0.000937     0.001433
    0.001164     0.276010
   -0.002690     0.001810
    0.079027     0.263599
    0.003515     0.000058
   -0.003143     0.267572
    0.661403     0.242029
   -0.050308     0.436684
    0.066612     0.203855
    0.007901     0.141624
    0.001642     0.052882
    0.009774     0.193656
   -0.001104     0.348943
   -0.003541     0.000375
   -0.017005     0.022509
    0.031600     0.205899
    0.009600     0.458081
    0.005279     0.044563
   -0.058034     0.108173
    0.148272     0.364700
    0.004392     0.301756
    0.017310     0.030866
    0.302184     0.433776
   -0.005311     0.004394
    0.005622     0.158956
    0.089624     0.094905
    0.002022     0.067574
    0.003733     0.109310
   -0.017016     0.241970
   -0.002320     0.000000
   -0.001799     0.007309
    0.034267     0.111535
    0.195246     0.407338
    0.222025     0.276007
    0.025199     0.031782
    0.015885     0.413408
    0.148902     0.106710
    0.002886     0.118042
    0.019306     0.003195
    0.006950     0.380705
    0.010116     0.000159
    3.992925     0.343219
    0.112624     0.082643
   -0.009954     0.089381
   -0.152096     0.008411
    0.002218     0.341612
    0.002675     0.362868
    0.000362     0.186247
   -0.004756     0.017182
   -0.000467     0.011450
   -0.018292     0.319300
   -0.074690     0.037313
   -0.016425     0.093948
    0.002265     0.413659
   -0.004298     0.029262
    0.001527     0.005470
   -0.023959     0.281312
   -0.008059     0.276499
   -0.000688     0.183266
    0.021555     0.111168
   -0.193557     0.000046
    0.002453     0.113001
   -0.013411     0.433066
    0.094020     0.066093
    0.004706     0.105359
    0.004565     0.279385
    0.019701     0.009831
   -0.004726     0.044276
    0.046301     0.443182
    0.006234     0.361584
    0.045370     0.398795
    0.000589     0.089189
   -0.002485     0.130033
   -0.249963     0.191611
    0.049251     0.187527
    0.161950     0.410579
    0.021929     0.142622
    0.001814     0.001344
    0.073419     0.166548
    0.029677     0.305188
    0.002011     0.001874
    0.001264     0.138235
    0.004513     0.151385
    0.005916     0.464988
    0.088094     0.397277
    1.653411     0.055334
    0.762742     0.158425
   -0.008766     0.135442
    0.003118     0.005744
    0.002873     0.093790
   -0.001014     0.117554
   -0.003672     0.305219
   -0.004864     0.349756
    0.180939     0.341568
   -0.003220     0.118802
    0.003936     0.236213
    0.001226     0.219573
   -0.067376     0.077078
   -0.001370     0.367809
   -0.082550     0.000000
   -0.006615     0.002165
   -0.007456     0.001716
    0.001245     0.054534
    0.011605     0.177238
    0.001605     0.285556
    0.038938     0.156096
   -0.000870     0.350752
    0.023911     0.236512
   -0.010316     0.148715
    0.001883     0.385269
   -0.008443     0.347172
    0.460417     0.400760
   -0.325891     0.403635
   -0.006466     0.393502
    0.000514     0.090497
    0.011981     0.363265
   -0.018701     0.181213
   -0.000839     0.300839
    0.064444     0.193517
    0.003347     0.006271
    0.000120     0.071870
   -0.008629     0.000159
    0.005043     0.086321
    0.006932     0.002791
    0.024379     0.205686
    0.022793     0.181607
    0.230331     0.247471
    0.143512     0.224823
    0.024498     0.098132
    0.178933     0.183906
    0.002699     0.097585
    0.006348     0.059544
    0.001712     0.032575
    0.574294     0.457505
    0.019248     0.002539
   -0.001461     0.136014
    0.001371     0.267511
    0.019416     0.395895
    8.558863     0.460492
    0.003861     0.173973
    0.006550     0.117711
    0.030954     0.124520
    0.015661     0.418260
    0.039180     0.134879
    0.038054     0.014422
   -0.010776     0.219898
    0.000022     0.374472
   -0.009351     0.153681
    0.324905     0.250332
   -0.009469     0.388239
    0.045391     0.028915
   -0.010270     0.131505
   -0.000407     0.050902
   -0.046199     0.008764
   -0.006959     0.324170
    0.008355     0.077405
   -0.004121     0.030156
    0.065297     0.162190
   -0.027981     0.165425
    0.005696     0.213918
   -0.010015     0.367028
   -0.002293     0.238995
   -0.011894     0.245845
    0.000150     0.166119
    0.001329     0.239585
    0.000778     0.170265
    0.215559     0.221233
   -0.060636     0.057987
    0.020528     0.188369
   -0.005164     0.389903
    0.012103     0.136897
   -0.000372     0.064078
    0.003186     0.252645
    0.003060     0.005142
   -0.008105     0.448040
    1.864602     0.207988
   -0.004946     0.098736
   -0.120244     0.022779
    0.655191     0.354104
    0.054447     0.342045
    0.025710     0.454227
    0.012185     0.155044
   -0.000162     0.269299
   -0.029476     0.011115
    0.071170     0.458121
    0.003462     0.117312
   -0.004299     0.091259
   -0.003502     0.178109
   -0.005011     0.001788
    0.001993     0.061548
    0.025157     0.452486
    0.012372     0.216326
   -0.000019     0.458267
   -0.009064     0.348664
   -0.016245     0.311469
   -0.009826     0.075149
    0.007276     0.164574
   -0.071399     0.000114
   -0.000954     0.341494
   -0.001112     0.097125
   -0.008258     0.060532
    0.002651     0.274674
   -0.021007     0.304376
    0.070893     0.378353
   -0.116386     0.294842
   -0.002751     0.409043
    0.038669     0.393912
   -0.002957     0.360789
    0.017482     0.290109
    0.003693     0.330338
    0.003680     0.055157
   -0.003616     0.006914
   -0.003088     0.314882
   -0.107279     0.430263
   20.725512     0.319801
   -0.009786     0.004044
    0.018122     0.344733
    0.168998     0.383454
    0.037668     0.268546
   -0.007480     0.422588
    0.073310     0.440534
    0.005588     0.409229
    0.005516     0.302082
    0.031872     0.229900
    0.044954     0.121650
    0.018647     0.005978
    0.018321     0.299150
    1.042840     0.067564
    0.016951     0.000100
    0.011433     0.085540
    0.000666     0.168012
    0.002767     0.194430
   -0.072682     0.000018
    0.048813     0.185858
   -0.012340     0.405638
    0.002778     0.051930
    0.072094     0.190633
    0.103673     0.010902
    0.024781     0.315453
    0.118652     0.456589
    0.992867     0.447367
    0.045523     0.111142
    0.085801     0.000343
   -0.007692     0.368311
    0.000123     0.243790
   -0.017577     0.019653
   -0.034924     0.059658
   -0.164473     0.249195
    0.000029     0.148152
   -0.002881     0.336646
    0.121926     0.396221
    0.002530     0.318196
   -0.020238     0.083217
    0.019157     0.237601
    0.004028     0.231792
   -0.032453     0.138539
   -0.005262     0.245175
    0.013928     0.056412
    0.037425     0.017160
    0.309371     0.012523
    0.007563     0.003643
   -0.003296     0.420139
    0.031651     0.000703
    0.375905     0.035683
    0.001416     0.013165
    0.002916     0.000859
   -0.000184     0.281087
    0.000677     0.004657
    0.277295     0.020282
   -0.037893     0.025251
   -0.006863     0.062420
    0.064211     0.420270
   -0.004152     0.132170
    0.002827     0.210455
    0.013213     0.198678
    0.028784     0.026412
    0.117676     0.240874
    0.008657     0.234973
    0.024011     0.441818
   -0.002839     0.164763
   -0.006481     0.224721
    0.000345     0.037995
    0.035313     0.086601
   -0.000363     0.154390
    2.878008     0.353180
    0.013359     0.171651
    0.486713     0.082148
    0.656738     0.452217
    0.002075     0.050673
   -0.004059     0.244040
    0.167729     0.003770
   -0.004883     0.003258
    0.053058     0.367408
   -0.002936     0.112684
   -0.011658     0.003399
    0.004147     0.237249
   -0.000778     0.379115
   -0.007589     0.135290
   -0.002301     0.003836
   -0.001759     0.017093
   -0.029754     0.146603
   -0.000320     0.303037
   -0.011438     0.324588
    0.000911     0.251105
   -0.011220     0.396880
    0.002249     0.380553
   -0.005587     0.101089
    0.212395     0.313192
   -0.000919     0.408460
    0.007775     0.230274
   -0.004985     0.017858
    0.013367     0.156559
    0.004162     0.201438
    0.006149     0.004527
    0.007643     0.112120
    0.000541     0.211202
   -0.025084     0.010105
   -0.003310     0.094527
    0.085400     0.009682
    0.012281     0.000108
    0.000389     0.098730
    0.005898     0.003763
   -0.013812     0.426304
    7.375080     0.125626
    0.169321     0.020938
    0.089614     0.181457
    0.001985     0.230821
    0.006467     0.265009
    0.081497     0.049513
    0.005207     0.354913
    0.023145     0.425004
    0.000697     0.438982
    0.104248     0.186834
    0.007830     0.360084
    0.850990     0.027710
   -0.016515     0.173150
    0.053923     0.016092
    0.067279     0.430098
    0.080823     0.000115
    0.005958     0.209537
    3.245966     0.013313
    0.293172     0.163665
    0.011656     0.158151
   -0.010720     0.192336
   -0.050141     0.009900
    0.000379     0.334095
   -0.444073     0.228339
    0.006170     0.105125
    0.085268     0.358440
   -0.007298     0.047219
    0.261626     0.294071
   -0.040757     0.115860
   -0.013382     0.003864
    1.409229     0.004594
    0.001853     0.338792
    0.130573     0.287763
    1.028547     0.133306
    0.211601     0.309652
    1.066080     0.004857
    0.074742     0.001769
   -0.000857     0.411669
    0.040847     0.067078
    0.120435     0.284766
    0.984304     0.012101
    0.514074     0.081444
    7.624461     0.378351
    0.072191     0.170224
    0.003803     0.098033
    0.088526     0.009356
   -0.043665     0.079635
   -0.002934     0.113607
    0.027952     0.332854
   -0.001533     0.215999
    0.034229     0.208408
    0.025945     0.223049
   -0.000019     0.011408
    0.021716     0.134589
    0.004805     0.211386
   -0.010329     0.002303
   -0.038147     0.029936
    0.027573     0.326296
    0.005146     0.061512
    0.006072     0.001476
   -0.080573     0.333522
   -0.003749     0.261478
   -0.004090     0.257887
    0.011126     0.004995
   -0.002418     0.014905
   -0.003687     0.378450
    0.003927     0.304614
   -0.002014     0.093874
    0.002324     0.388320
   -0.010349     0.009344
    0.014310     0.212573
    0.000048     0.324566
   -0.014421     0.281308
    0.004659     0.228156
   -0.003890     0.309716
    0.001354     0.060712
   -0.002210     0.133294
   -0.020370     0.313641
   -0.118082     0.416214
    0.058749     0.074120
    0.000562     0.164274
    0.023455     0.306869
   -0.055425     0.040973
    0.002526     0.044746
   -0.107317     0.254144
    0.009003     0.298431
   -0.004124     0.034079
    0.014742     0.292337
    0.000183     0.036773
   -0.002343     0.288140
   -0.003027     0.021875
   -0.002625     0.054027
   -0.001368     0.281537
   -0.000992     0.430253
    0.037489     0.093105
    0.219975     0.216824
   -0.002828     0.265057
    0.000837     0.000300
    0.009823     0.165457
    0.003278     0.093552
   -0.005503     0.229393
    0.126258     0.270900
    0.309398     0.166173
    0.000815     0.372942
    0.000144     0.072659
    0.006731     0.436933
    0.039474     0.183080
   -0.002369     0.001663
    0.169964     0.421592
   -0.009206     0.294559
   -0.043749     0.368677
    2.607980     0.319880
   -0.012633     0.281095
    0.004124     0.089828
   -0.018441     0.058986
    0.348619     0.085492
    0.087153     0.298754
    0.040908     0.134244
    0.002088     0.331522
    0.117607     0.315198
    0.168281     0.015040
    0.533219     0.032280
    0.007544     0.000492
    0.041421     0.425658
    0.034347     0.288699
    0.144015     0.016031
    0.016274     0.017450
    1.285693     0.302067
    0.266828     0.179177
    0.004060     0.052799
    0.297222     0.002045
    0.032347     0.063310
    0.000844     0.015165
    0.002704     0.227017
    0.009134     0.272231
    0.406760     0.256600
   -0.002671     0.285840
    0.008733     0.326473
   -0.007772     0.372044
    0.075567     0.373504
   -0.003178     0.291404
    0.001857     0.336424
    0.003119     0.046435
    0.017819     0.391096
   -0.000390     0.006024
    0.043799     0.287244
    0.012517     0.338745
   -0.001234     0.212926
    0.006142     0.253320
   -0.000900     0.138776
   -0.073303     0.164409
   -0.017400     0.080270
   -0.060485     0.138297
   -0.002094     0.100633
    0.008941     0.212814
   -0.029369     0.048415
    0.005946     0.401108
    0.033692     0.067196
    0.005174     0.231234
    0.112292     0.035720
    0.019373     0.004731
    0.003549     0.054428
    0.853721     0.036344
    0.012544     0.057540
    0.006224     0.050428
   -0.058472     0.077517
   -0.000782     0.083826
   -0.000534     0.206588
   -0.019196     0.134796
    0.031039     0.190618
   -0.005396     0.185289
    1.146171     0.355689
   -0.007500     0.002741
    1.021333     0.183716
   -0.007739     0.282594
    0.425067     0.007453
    0.007278     0.014524
   -0.022688     0.007053
    0.006985     0.226311
    0.135693     0.356420
   -0.014802     0.264405
   -0.027031     0.007743
   -0.004380     0.177998
   -0.002730     0.327292
   -0.013950     0.346107
    0.007810     0.014943
   -0.013219     0.266979
   -0.202059     0.319992
    2.198360     0.142505
   -0.116591     0.037678
Done.
