   183.58804    753.80000    337.95506    120.0
   182.84674    753.80000    357.94132    120.3
   182.10543    753.80000    377.92758    120.6
   181.36413    753.80000    397.91383    120.9
   180.62282    753.80000    417.90009    121.2
   179.88152    753.80000    437.88635    121.5
   179.14021    753.80000    457.87260    121.8
   178.39891    753.80000    477.85886    122.1
   177.65760    753.80000    497.84512    122.4
   183.67087    743.80000    335.25986    122.7
   182.98478    743.80000    353.75742    123.0
   182.29869    743.80000    372.25498    123.3
   181.61260    743.80000    390.75254    123.6
   180.92652    743.80000    409.25010    123.9
   180.24043    743.80000    427.74766    124.2
   179.55434    743.80000    446.24522    124.5
   178.86825    743.80000    464.74279    124.8
   178.18216    743.80000    483.24035    125.1
   177.49607    743.80000    501.73791    125.4
   176.80999    743.80000    520.23547    125.7
   176.12390    743.80000    538.73303    126.0
   175.43781    743.80000    557.23059    126.3
   174.75172    743.80000    575.72815    126.6
   174.06563    743.80000    594.22571    126.9
   173.37955    743.80000    612.72328    127.2
   183.78669    733.80000    331.67461    127.5
   183.17782    733.80000    348.09012    127.8
   182.56895    733.80000    364.50563    128.1
   181.96008    733.80000    380.92114    128.4
   181.35121    733.80000    397.33665    128.7
   180.74234    733.80000    413.75216    129.0
   180.13347    733.80000    430.16766    129.3
   179.52460    733.80000    446.58317    129.6
   178.91573    733.80000    462.99868    129.9
   178.30686    733.80000    479.41419    130.2
   177.69798    733.80000    495.82970    130.5
   177.08911    733.80000    512.24521    130.8
   176.48024    733.80000    528.66071    131.1
   175.87137    733.80000    545.07622    131.4
   175.26250    733.80000    561.49173    131.7
   174.65363    733.80000    577.90724    132.0
   174.04476    733.80000    594.32275    132.3
   173.43589    733.80000    610.73826    132.6
   172.82702    733.80000    627.15376    132.9
   172.21815    733.80000    643.56927    133.2
   171.60928    733.80000    659.98478    133.5
   171.00040    733.80000    676.40029    133.8
   183.90105    723.80000    328.12880    134.1
   183.36842    723.80000    342.48854    134.4
   182.83578    723.80000    356.84828    134.7
   182.30315    723.80000    371.20803    135.0
   181.77052    723.80000    385.56777    135.3
   181.23788    723.80000    399.92751    135.6
   180.70525    723.80000    414.28725    135.9
   180.17262    723.80000    428.64699    136.2
   179.63998    723.80000    443.00673    136.5
   179.10735    723.80000    457.36648    136.8
   178.57472    723.80000    471.72622    137.1
   178.04208    723.80000    486.08596    137.4
   177.50945    723.80000    500.44570    137.7
   176.97682    723.80000    514.80544    138.0
   176.44418    723.80000    529.16518    138.3
   175.91155    723.80000    543.52493    138.6
   175.37892    723.80000    557.88467    138.9
   174.84628    723.80000    572.24441    139.2
   174.31365    723.80000    586.60415    139.5
   173.78102    723.80000    600.96389    139.8
   173.24838    723.80000    615.32363    140.1
   172.71575    723.80000    629.68338    140.4
   172.18312    723.80000    644.04312    140.7
   171.65048    723.80000    658.40286    141.0
   171.11785    723.80000    672.76260    141.3
   183.99052    713.80000    325.25401    141.6
   183.51754    713.80000    338.00533    141.9
   183.04455    713.80000    350.75665    142.2
   182.57157    713.80000    363.50798    142.5
   182.09858    713.80000    376.25930    142.8
   181.62559    713.80000    389.01062    143.1
   181.15261    713.80000    401.76194    143.4
   180.67962    713.80000    414.51326    143.7
   180.20664    713.80000    427.26459    144.0
   179.73365    713.80000    440.01591    144.3
   179.26067    713.80000    452.76723    144.6
   178.78768    713.80000    465.51855    144.9
   178.31470    713.80000    478.26987    145.2
   177.84171    713.80000    491.02120    145.5
   177.36872    713.80000    503.77252    145.8
   176.89574    713.80000    516.52384    146.1
   176.42275    713.80000    529.27516    146.4
   175.94977    713.80000    542.02648    146.7
   175.47678    713.80000    554.77781    147.0
   175.00380    713.80000    567.52913    147.3
   174.53081    713.80000    580.28045    147.6
   174.05783    713.80000    593.03177    147.9
   173.58484    713.80000    605.78309    148.2
   173.11185    713.80000    618.53442    148.5
   172.63887    713.80000    631.28574    148.8
   172.16588    713.80000    644.03706    149.1
   171.69290    713.80000    656.78838    149.4
   171.21991    713.80000    669.53970    149.7
   170.74693    713.80000    682.29103    150.0
   184.05988    703.80000    322.92154    150.3
   183.63314    703.80000    334.42599    150.6
   183.20639    703.80000    345.93044    150.9
   182.77964    703.80000    357.43489    151.2
   182.35290    703.80000    368.93934    151.5
   181.92615    703.80000    380.44379    151.8
   181.49941    703.80000    391.94824    152.1
   181.07266    703.80000    403.45268    152.4
   180.64591    703.80000    414.95713    152.7
   180.21917    703.80000    426.46158    153.0
   179.79242    703.80000    437.96603    153.3
   179.36568    703.80000    449.47048    153.6
   178.93893    703.80000    460.97493    153.9
   178.51218    703.80000    472.47938    154.2
   178.08544    703.80000    483.98383    154.5
   177.65869    703.80000    495.48828    154.8
   177.23195    703.80000    506.99273    155.1
   176.80520    703.80000    518.49718    155.4
   176.37846    703.80000    530.00163    155.7
   175.95171    703.80000    541.50608    156.0
   175.52496    703.80000    553.01053    156.3
   175.09822    703.80000    564.51498    156.6
   174.67147    703.80000    576.01942    156.9
   174.24473    703.80000    587.52387    157.2
   173.81798    703.80000    599.02832    157.5
   173.39123    703.80000    610.53277    157.8
   172.96449    703.80000    622.03722    158.1
   172.53774    703.80000    633.54167    158.4
   172.11100    703.80000    645.04612    158.7
   171.68425    703.80000    656.55057    159.0
   171.25750    703.80000    668.05502    159.3
   170.83076    703.80000    679.55947    159.6
   184.10790    693.80000    321.16456    159.9
   183.71316    693.80000    331.80580    160.2
   183.31842    693.80000    342.44704    160.5
   182.92369    693.80000    353.08828    160.8
   182.52895    693.80000    363.72952    161.1
   182.13422    693.80000    374.37076    161.4
   181.73948    693.80000    385.01200    161.7
   181.34474    693.80000    395.65324    162.0
   180.95001    693.80000    406.29448    162.3
   180.55527    693.80000    416.93572    162.6
   180.16054    693.80000    427.57696    162.9
   179.76580    693.80000    438.21820    163.2
   179.37107    693.80000    448.85944    163.5
   178.97633    693.80000    459.50068    163.8
   178.58159    693.80000    470.14192    164.1
   178.18686    693.80000    480.78316    164.4
   177.79212    693.80000    491.42440    164.7
   177.39739    693.80000    502.06564    165.0
   177.00265    693.80000    512.70687    165.3
   176.60791    693.80000    523.34811    165.6
   176.21318    693.80000    533.98935    165.9
   175.81844    693.80000    544.63059    166.2
   175.42371    693.80000    555.27183    166.5
   175.02897    693.80000    565.91307    166.8
   174.63423    693.80000    576.55431    167.1
   174.23950    693.80000    587.19555    167.4
   173.84476    693.80000    597.83679    167.7
   173.45003    693.80000    608.47803    168.0
   173.05529    693.80000    619.11927    168.3
   172.66056    693.80000    629.76051    168.6
   172.26582    693.80000    640.40175    168.9
   171.87108    693.80000    651.04299    169.2
   171.47635    693.80000    661.68423    169.5
   171.08161    693.80000    672.32547    169.8
   170.68688    693.80000    682.96671    170.1
   184.13605    683.80000    319.94313    170.4
   183.76008    683.80000    330.07818    170.7
   183.38411    683.80000    340.21324    171.0
   183.00814    683.80000    350.34830    171.3
   182.63217    683.80000    360.48336    171.6
   182.25620    683.80000    370.61841    171.9
   181.88024    683.80000    380.75347    172.2
   181.50427    683.80000    390.88853    172.5
   181.12830    683.80000    401.02359    172.8
   180.75233    683.80000    411.15864    173.1
   180.37636    683.80000    421.29370    173.4
   180.00039    683.80000    431.42876    173.7
   179.62442    683.80000    441.56382    174.0
   179.24846    683.80000    451.69888    174.3
   178.87249    683.80000    461.83393    174.6
   178.49652    683.80000    471.96899    174.9
   178.12055    683.80000    482.10405    175.2
   177.74458    683.80000    492.23911    175.5
   177.36861    683.80000    502.37416    175.8
   176.99265    683.80000    512.50922    176.1
   176.61668    683.80000    522.64428    176.4
   176.24071    683.80000    532.77934    176.7
   175.86474    683.80000    542.91439    177.0
   175.48877    683.80000    553.04945    177.3
   175.11280    683.80000    563.18451    177.6
   174.73683    683.80000    573.31957    177.9
   174.36087    683.80000    583.45462    178.2
   173.98490    683.80000    593.58968    178.5
   173.60893    683.80000    603.72474    178.8
   173.23296    683.80000    613.85980    179.1
   172.85699    683.80000    623.99485    179.4
   172.48102    683.80000    634.12991    179.7
   172.10505    683.80000    644.26497    180.0
   171.72909    683.80000    654.40003    180.3
   171.35312    683.80000    664.53508    180.6
   170.97715    683.80000    674.67014    180.9
   170.60118    683.80000    684.80520    181.2
   184.14374    673.80000    319.27321    181.5
   183.77290    673.80000    329.26976    181.8
   183.40206    673.80000    339.26631    182.1
   183.03122    673.80000    349.26286    182.4
   182.66038    673.80000    359.25941    182.7
   182.28954    673.80000    369.25597    183.0
   181.91870    673.80000    379.25252    183.3
   181.54786    673.80000    389.24907    183.6
   181.17702    673.80000    399.24562    183.9
   180.80618    673.80000    409.24217    184.2
   180.43534    673.80000    419.23872    184.5
   180.06450    673.80000    429.23528    184.8
   179.69366    673.80000    439.23183    185.1
   179.32282    673.80000    449.22838    185.4
   178.95198    673.80000    459.22493    185.7
   178.58114    673.80000    469.22148    186.0
   178.21030    673.80000    479.21804    186.3
   177.83946    673.80000    489.21459    186.6
   177.46862    673.80000    499.21114    186.9
   177.09778    673.80000    509.20769    187.2
   176.72694    673.80000    519.20424    187.5
   176.35610    673.80000    529.20079    187.8
   175.98526    673.80000    539.19735    188.1
   175.61442    673.80000    549.19390    188.4
   175.24358    673.80000    559.19045    188.7
   174.87274    673.80000    569.18700    189.0
   174.50190    673.80000    579.18355    189.3
   174.13107    673.80000    589.18010    189.6
   173.76023    673.80000    599.17666    189.9
   173.38939    673.80000    609.17321    190.2
   173.01855    673.80000    619.16976    190.5
   172.64771    673.80000    629.16631    190.8
   172.27687    673.80000    639.16286    191.1
   171.90603    673.80000    649.15942    191.4
   171.53519    673.80000    659.15597    191.7
   171.16435    673.80000    669.15252    192.0
   170.79351    673.80000    679.14907    192.3
   170.42267    673.80000    689.14562    192.6
   184.12952    663.80000    319.19402    192.9
   183.74920    663.80000    329.44589    193.2
   183.36888    663.80000    339.69776    193.5
   182.98856    663.80000    349.94964    193.8
   182.60824    663.80000    360.20151    194.1
   182.22791    663.80000    370.45338    194.4
   181.84759    663.80000    380.70525    194.7
   181.46727    663.80000    390.95712    195.0
   181.08695    663.80000    401.20899    195.3
   180.70663    663.80000    411.46086    195.6
   180.32631    663.80000    421.71273    195.9
   179.94599    663.80000    431.96460    196.2
   179.56567    663.80000    442.21647    196.5
   179.18535    663.80000    452.46834    196.8
   178.80503    663.80000    462.72021    197.1
   178.42471    663.80000    472.97209    197.4
   178.04438    663.80000    483.22396    197.7
   177.66406    663.80000    493.47583    198.0
   177.28374    663.80000    503.72770    198.3
   176.90342    663.80000    513.97957    198.6
   176.52310    663.80000    524.23144    198.9
   176.14278    663.80000    534.48331    199.2
   175.76246    663.80000    544.73518    199.5
   175.38214    663.80000    554.98705    199.8
   175.00182    663.80000    565.23892    200.1
   174.62150    663.80000    575.49079    200.4
   174.24118    663.80000    585.74267    200.7
   173.86086    663.80000    595.99454    201.0
   173.48053    663.80000    606.24641    201.3
   173.10021    663.80000    616.49828    201.6
   172.71989    663.80000    626.75015    201.9
   172.33957    663.80000    637.00202    202.2
   171.95925    663.80000    647.25389    202.5
   171.57893    663.80000    657.50576    202.8
   171.19861    663.80000    667.75763    203.1
   170.81829    663.80000    678.00950    203.4
   170.43797    663.80000    688.26137    203.7
   184.09128    653.80000    319.76231    204.0
   183.68546    653.80000    330.70115    204.3
   183.27964    653.80000    341.63999    204.6
   182.87383    653.80000    352.57882    204.9
   182.46801    653.80000    363.51766    205.2
   182.06220    653.80000    374.45650    205.5
   181.65638    653.80000    385.39534    205.8
   181.25056    653.80000    396.33418    206.1
   180.84475    653.80000    407.27301    206.4
   180.43893    653.80000    418.21185    206.7
   180.03312    653.80000    429.15069    207.0
   179.62730    653.80000    440.08953    207.3
   179.22149    653.80000    451.02836    207.6
   178.81567    653.80000    461.96720    207.9
   178.40985    653.80000    472.90604    208.2
   178.00404    653.80000    483.84488    208.5
   177.59822    653.80000    494.78371    208.8
   177.19241    653.80000    505.72255    209.1
   176.78659    653.80000    516.66139    209.4
   176.38077    653.80000    527.60023    209.7
   175.97496    653.80000    538.53907    210.0
   175.56914    653.80000    549.47790    210.3
   175.16333    653.80000    560.41674    210.6
   174.75751    653.80000    571.35558    210.9
   174.35169    653.80000    582.29442    211.2
   173.94588    653.80000    593.23325    211.5
   173.54006    653.80000    604.17209    211.8
   173.13425    653.80000    615.11093    212.1
   172.72843    653.80000    626.04977    212.4
   172.32261    653.80000    636.98861    212.7
   171.91680    653.80000    647.92744    213.0
   171.51098    653.80000    658.86628    213.3
   171.10517    653.80000    669.80512    213.6
   170.69935    653.80000    680.74396    213.9
   184.02762    643.80000    321.01550    214.2
   183.57937    643.80000    333.09791    214.5
   183.13112    643.80000    345.18032    214.8
   182.68287    643.80000    357.26273    215.1
   182.23461    643.80000    369.34514    215.4
   181.78636    643.80000    381.42755    215.7
   181.33811    643.80000    393.50995    216.0
   180.88986    643.80000    405.59236    216.3
   180.44161    643.80000    417.67477    216.6
   179.99335    643.80000    429.75718    216.9
   179.54510    643.80000    441.83959    217.2
   179.09685    643.80000    453.92200    217.5
   178.64860    643.80000    466.00440    217.8
   178.20035    643.80000    478.08681    218.1
   177.75209    643.80000    490.16922    218.4
   177.30384    643.80000    502.25163    218.7
   176.85559    643.80000    514.33404    219.0
   176.40734    643.80000    526.41645    219.3
   175.95909    643.80000    538.49885    219.6
   175.51083    643.80000    550.58126    219.9
   175.06258    643.80000    562.66367    220.2
   174.61433    643.80000    574.74608    220.5
   174.16608    643.80000    586.82849    220.8
   173.71782    643.80000    598.91090    221.1
   173.26957    643.80000    610.99330    221.4
   172.82132    643.80000    623.07571    221.7
   172.37307    643.80000    635.15812    222.0
   171.92482    643.80000    647.24053    222.3
   171.47656    643.80000    659.32294    222.6
   171.02831    643.80000    671.40535    222.9
   170.58006    643.80000    683.48775    223.2
   183.93333    633.80000    323.09449    223.5
   183.42221    633.80000    336.87100    223.8
   182.91110    633.80000    350.64750    224.1
   182.39998    633.80000    364.42401    224.4
   181.88887    633.80000    378.20052    224.7
   181.37775    633.80000    391.97702    225.0
   180.86664    633.80000    405.75353    225.3
   180.35552    633.80000    419.53004    225.6
   179.84441    633.80000    433.30654    225.9
   179.33329    633.80000    447.08305    226.2
   178.82218    633.80000    460.85956    226.5
   178.31106    633.80000    474.63606    226.8
   177.79995    633.80000    488.41257    227.1
   177.28883    633.80000    502.18908    227.4
   176.77772    633.80000    515.96558    227.7
   176.26660    633.80000    529.74209    228.0
   175.75548    633.80000    543.51860    228.3
   175.24437    633.80000    557.29510    228.6
   174.73325    633.80000    571.07161    228.9
   174.22214    633.80000    584.84812    229.2
   173.71102    633.80000    598.62462    229.5
   173.19991    633.80000    612.40113    229.8
   172.68879    633.80000    626.17764    230.1
   172.17768    633.80000    639.95414    230.4
   171.66656    633.80000    653.73065    230.7
   171.15545    633.80000    667.50716    231.0
   170.64433    633.80000    681.28366    231.3
   183.80466    623.80000    326.09981    231.6
   183.20777    623.80000    342.18797    231.9
   182.61087    623.80000    358.27613    232.2
   182.01398    623.80000    374.36429    232.5
   181.41709    623.80000    390.45244    232.8
   180.82019    623.80000    406.54060    233.1
   180.22330    623.80000    422.62876    233.4
   179.62640    623.80000    438.71692    233.7
   179.02951    623.80000    454.80508    234.0
   178.43262    623.80000    470.89324    234.3
   177.83572    623.80000    486.98140    234.6
   177.23883    623.80000    503.06956    234.9
   176.64194    623.80000    519.15772    235.2
   176.04504    623.80000    535.24588    235.5
   175.44815    623.80000    551.33404    235.8
   174.85126    623.80000    567.42220    236.1
   174.25436    623.80000    583.51036    236.4
   173.65747    623.80000    599.59852    236.7
   173.06058    623.80000    615.68668    237.0
   172.46368    623.80000    631.77484    237.3
   171.86679    623.80000    647.86300    237.6
   171.26989    623.80000    663.95115    237.9
   183.64459    613.80000    329.95122    238.2
   182.94099    613.80000    348.91509    238.5
   182.23738    613.80000    367.87897    238.8
   181.53378    613.80000    386.84285    239.1
   180.83018    613.80000    405.80672    239.4
   180.12657    613.80000    424.77060    239.7
   179.42297    613.80000    443.73447    240.0
   178.71936    613.80000    462.69835    240.3
   178.01576    613.80000    481.66222    240.6
   177.31215    613.80000    500.62610    240.9
   176.60855    613.80000    519.58998    241.2
   175.90495    613.80000    538.55385    241.5
   175.20134    613.80000    557.51773    241.8
   174.49774    613.80000    576.48160    242.1
   173.79413    613.80000    595.44548    242.4
   173.09053    613.80000    614.40935    242.7
   172.38692    613.80000    633.37323    243.0
   171.68332    613.80000    652.33710    243.3
   170.97972    613.80000    671.30098    243.6
   183.43581    603.80000    335.11542    243.9
   182.59302    603.80000    357.83021    244.2
   181.75022    603.80000    380.54499    244.5
   180.90743    603.80000    403.25978    244.8
   180.06464    603.80000    425.97456    245.1
   179.22185    603.80000    448.68935    245.4
   178.37905    603.80000    471.40413    245.7
   177.53626    603.80000    494.11892    246.0
   176.69347    603.80000    516.83370    246.3
   175.85067    603.80000    539.54849    246.6
   175.00788    603.80000    562.26328    246.9
   174.16509    603.80000    584.97806    247.2
   173.32229    603.80000    607.69285    247.5
   172.47950    603.80000    630.40763    247.8
   171.63671    603.80000    653.12242    248.1
   183.18915    593.80000    341.30014    248.4
   182.18192    593.80000    368.44618    248.7
   181.17469    593.80000    395.59222    249.0
   180.16745    593.80000    422.73826    249.3
   179.16022    593.80000    449.88430    249.6
   178.15299    593.80000    477.03034    249.9
   177.14576    593.80000    504.17637    250.2
   176.13853    593.80000    531.32241    250.5
   175.13129    593.80000    558.46845    250.8
   174.12406    593.80000    585.61449    251.1
   173.11683    593.80000    612.76053    251.4
   172.10960    593.80000    639.90657    251.7
   182.90012    583.80000    348.62656    252.0
   181.70020    583.80000    380.96498    252.3
   180.50027    583.80000    413.30341    252.6
   179.30035    583.80000    445.64184    252.9
   178.10043    583.80000    477.98026    253.2
   176.90051    583.80000    510.31869    253.5
   175.70059    583.80000    542.65711    253.8
   174.50067    583.80000    574.99554    254.1
   173.30074    583.80000    607.33396    254.4
   172.10082    583.80000    639.67239    254.7
   182.55098    573.80000    357.57245    255.0
   181.11829    573.80000    396.18291    255.3
   179.68561    573.80000    434.79337    255.6
   178.25293    573.80000    473.40383    255.9
   176.82025    573.80000    512.01430    256.2
   175.38756    573.80000    550.62476    256.5
   173.95488    573.80000    589.23522    256.8
   172.52220    573.80000    627.84568    257.1
   182.15020    563.80000    367.90946    257.4
   180.45033    563.80000    413.71937    257.7
   178.75046    563.80000    459.52928    258.0
   177.05059    563.80000    505.33919    258.3
   175.35072    563.80000    551.14910    258.6
   173.65086    563.80000    596.95902    258.9
   181.73153    553.80000    378.72805    259.2
   179.75255    553.80000    432.05845    259.5
   177.77357    553.80000    485.38886    259.8
   175.79459    553.80000    538.71927    260.1
   173.81560    553.80000    592.04968    260.4
   181.25794    543.80000    391.02601    260.7
   178.96323    543.80000    452.86318    261.0
   176.66853    543.80000    514.70034    261.3
   174.37382    543.80000    576.53750    261.6
