@version 40102
@ title "Anomalous differences"
@ subtitle "."
@with G0
@  world xmin -4
@  world xmax 4
@  world ymin -5
@  world ymax 5
@  view xmin 0.15
@  view xmax 0.71
@  view ymin 0.15
@  view ymax 0.85
@  xaxis  tick on
@  xaxis  tick major 1
@  xaxis  tick minor 1
@  xaxis  label "\\8d\\0(expected)"
@  xaxis  tick major grid on
@  yaxis  tick on
@  yaxis  tick major 1
@  yaxis  tick minor 1
@  yaxis  label "\\8d\\0(observed)"
@  yaxis  tick major grid on
@  legend loctype world
@  legend x1 0.784929
@  legend y1 -2.71829
@  legend color 1
@  legend vgap 2
@  legend hgap 1
@  legend length 1
@  legend x1 0.8
@  legend y1 0.0
@  legend font 4
@  legend char size 0.8
@  legend off
@G0 on
@  s0  type xy
@  s0  symbol size 0.270000
@  s0  symbol fill 0
@  s0  linestyle 0
@  s0  symbol   3
@  s0  symbol color   1
@type xy
   -4.2792   -4.8098
   -4.2586   -4.8012
   -4.2380   -4.7011
   -4.2174   -4.6839
   -4.1967   -4.6597
   -4.1761   -4.6590
   -4.1553   -4.5277
   -4.1346   -4.4960
   -4.1140   -4.4557
   -4.0934   -4.4439
   -4.0728   -4.4423
   -4.0519   -4.4329
   -4.0313   -4.4238
   -4.0107   -4.3579
   -3.9903   -4.3162
   -3.9722   -4.3145
   -3.9556   -4.2996
   -3.9402   -4.2985
   -3.9261   -4.2928
   -3.9128   -4.2748
   -3.9004   -4.2539
   -3.8885   -4.2345
   -3.8772   -4.2337
   -3.8663   -4.2265
   -3.8560   -4.2037
   -3.8461   -4.1864
   -3.8366   -4.1730
   -3.8273   -4.1623
   -3.8184   -4.1591
   -3.8099   -4.1381
   -3.8016   -4.1353
   -3.7936   -4.1332
   -3.7858   -4.1275
   -3.7782   -4.1236
   -3.7708   -4.0643
   -3.7637   -4.0491
   -3.7567   -4.0486
   -3.7499   -4.0473
   -3.7433   -4.0451
   -3.7367   -4.0355
   -3.7302   -4.0239
   -3.7241   -3.9816
   -3.7181   -3.9760
   -3.7122   -3.9697
   -3.7065   -3.9653
   -3.7009   -3.9468
   -3.6953   -3.9426
   -3.6900   -3.9181
   -3.6847   -3.9039
   -3.6795   -3.8993
   -3.6744   -3.8974
   -3.6694   -3.8972
   -3.6645   -3.8923
   -3.6597   -3.8856
   -3.6549   -3.8855
   -3.6503   -3.8729
   -3.6457   -3.8671
   -3.6412   -3.8656
   -3.6368   -3.8609
   -3.6326   -3.8594
   -3.6283   -3.8566
   -3.6241   -3.8412
   -3.6199   -3.8375
   -3.6157   -3.8356
   -3.6117   -3.8336
   -3.6077   -3.8068
   -3.6038   -3.8059
   -3.5999   -3.7963
   -3.5960   -3.7911
   -3.5922   -3.7904
   -3.5885   -3.7900
   -3.5848   -3.7888
   -3.5812   -3.7857
   -3.5776   -3.7835
   -3.5741   -3.7811
   -3.5706   -3.7794
   -3.5671   -3.7785
   -3.5637   -3.7630
   -3.5603   -3.7542
   -3.5570   -3.7515
   -3.5537   -3.7501
   -3.5505   -3.7445
   -3.5473   -3.7444
   -3.5441   -3.7323
   -3.5410   -3.7315
   -3.5378   -3.7140
   -3.5347   -3.7097
   -3.5316   -3.7026
   -3.5286   -3.7008
   -3.5256   -3.6971
   -3.5227   -3.6869
   -3.5197   -3.6842
   -3.5169   -3.6839
   -3.5140   -3.6829
   -3.5112   -3.6820
   -3.5084   -3.6802
   -3.5056   -3.6799
   -3.5029   -3.6768
   -3.5002   -3.6767
   -3.4975   -3.6752
   -3.4948   -3.6717
   -3.4922   -3.6695
   -3.4896   -3.6601
   -3.4870   -3.6566
   -3.4844   -3.6546
   -3.4818   -3.6546
   -3.4793   -3.6485
   -3.4768   -3.6474
   -3.4743   -3.6428
   -3.4719   -3.6413
   -3.4694   -3.6375
   -3.4670   -3.6361
   -3.4646   -3.6310
   -3.4622   -3.6283
   -3.4599   -3.6273
   -3.4575   -3.6215
   -3.4552   -3.6215
   -3.4529   -3.6190
   -3.4507   -3.6172
   -3.4484   -3.6169
   -3.4461   -3.6159
   -3.4439   -3.6131
   -3.4417   -3.6091
   -3.4395   -3.6081
   -3.4373   -3.5957
   -3.4351   -3.5941
   -3.4330   -3.5924
   -3.4309   -3.5923
   -3.4288   -3.5914
   -3.4267   -3.5913
   -3.4246   -3.5877
   -3.4226   -3.5873
   -3.4205   -3.5856
   -3.4185   -3.5821
   -3.4164   -3.5812
   -3.4144   -3.5780
   -3.4124   -3.5755
   -3.4104   -3.5725
   -3.4084   -3.5719
   -3.4064   -3.5699
   -3.4045   -3.5687
   -3.4026   -3.5680
   -3.4006   -3.5676
   -3.3987   -3.5648
   -3.3968   -3.5642
   -3.3949   -3.5639
   -3.3931   -3.5611
   -3.3912   -3.5586
   -3.3893   -3.5544
   -3.3875   -3.5524
   -3.3857   -3.5512
   -3.3838   -3.5504
   -3.3820   -3.5497
   -3.3802   -3.5470
   -3.3784   -3.5463
   -3.3767   -3.5454
   -3.3749   -3.5401
   -3.3731   -3.5354
   -3.3714   -3.5343
   -3.3697   -3.5340
   -3.3679   -3.5328
   -3.3662   -3.5320
   -3.3645   -3.5296
   -3.3628   -3.5283
   -3.3611   -3.5265
   -3.3595   -3.5249
   -3.3578   -3.5246
   -3.3562   -3.5209
   -3.3545   -3.5208
   -3.3529   -3.5187
   -3.3512   -3.5156
   -3.3496   -3.5152
   -3.3480   -3.5118
   -3.3464   -3.5099
   -3.3448   -3.5076
   -3.3432   -3.5059
   -3.3416   -3.5043
   -3.3401   -3.5021
   -3.3385   -3.5003
   -3.3370   -3.5001
   -3.3354   -3.4994
   -3.3339   -3.4993
   -3.3323   -3.4991
   -3.3308   -3.4973
   -3.3293   -3.4952
   -3.3278   -3.4949
   -3.3263   -3.4945
   -3.3248   -3.4937
   -3.3233   -3.4934
   -3.3218   -3.4889
   -3.3203   -3.4864
   -3.3188   -3.4849
   -3.3174   -3.4840
   -3.3159   -3.4830
   -3.3145   -3.4803
   -3.3131   -3.4789
   -3.3116   -3.4773
   -3.3102   -3.4760
   -3.3088   -3.4751
   -3.3074   -3.4738
   -3.3060   -3.4720
   -3.3046   -3.4711
   -3.3032   -3.4683
   -3.3019   -3.4678
   -3.3005   -3.4675
   -3.2991   -3.4641
   -3.2978   -3.4607
   -3.2964   -3.4596
   -3.2950   -3.4577
   -3.2937   -3.4568
   -3.2924   -3.4545
   -3.2910   -3.4540
   -3.2897   -3.4527
   -3.2884   -3.4515
   -3.2871   -3.4497
   -3.2858   -3.4496
   -3.2845   -3.4494
   -3.2832   -3.4490
   -3.2819   -3.4466
   -3.2806   -3.4441
   -3.2793   -3.4439
   -3.2780   -3.4409
   -3.2768   -3.4404
   -3.2755   -3.4347
   -3.2742   -3.4339
   -3.2730   -3.4320
   -3.2717   -3.4296
   -3.2705   -3.4292
   -3.2692   -3.4274
   -3.2680   -3.4254
   -3.2668   -3.4243
   -3.2655   -3.4238
   -3.2643   -3.4229
   -3.2631   -3.4218
   -3.2619   -3.4216
   -3.2607   -3.4207
   -3.2595   -3.4179
   -3.2583   -3.4167
   -3.2571   -3.4166
   -3.2559   -3.4150
   -3.2547   -3.4148
   -3.2536   -3.4148
   -3.2524   -3.4146
   -3.2512   -3.4138
   -3.2500   -3.4101
   -3.2489   -3.4099
   -3.2477   -3.4097
   -3.2466   -3.4089
   -3.2454   -3.4078
   -3.2443   -3.4061
   -3.2431   -3.4054
   -3.2420   -3.4042
   -3.2409   -3.4036
   -3.2397   -3.4036
   -3.2386   -3.4020
   -3.2375   -3.4020
   -3.2364   -3.3983
   -3.2353   -3.3941
   -3.2342   -3.3940
   -3.2331   -3.3926
   -3.2320   -3.3905
   -3.2309   -3.3892
   -3.2298   -3.3879
   -3.2287   -3.3879
   -3.2276   -3.3859
   -3.2265   -3.3838
   -3.2254   -3.3831
   -3.2244   -3.3825
   -3.2233   -3.3824
   -3.2223   -3.3779
   -3.2212   -3.3769
   -3.2202   -3.3731
   -3.2191   -3.3722
   -3.2180   -3.3716
   -3.2170   -3.3700
   -3.2160   -3.3697
   -3.2149   -3.3697
   -3.2139   -3.3682
   -3.2129   -3.3663
   -3.2118   -3.3650
   -3.2108   -3.3641
   -3.2098   -3.3637
   -3.2088   -3.3626
   -3.2078   -3.3611
   -3.2068   -3.3608
   -3.2058   -3.3601
   -3.2047   -3.3590
   -3.2037   -3.3556
   -3.2027   -3.3551
   -3.2017   -3.3550
   -3.2007   -3.3540
   -3.1998   -3.3506
   -3.1988   -3.3495
   -3.1978   -3.3461
   -3.1968   -3.3449
   -3.1958   -3.3418
   -3.1948   -3.3408
   -3.1939   -3.3401
   -3.1929   -3.3366
   -3.1919   -3.3362
   -3.1910   -3.3341
   -3.1900   -3.3333
   -3.1891   -3.3324
   -3.1881   -3.3291
   -3.1872   -3.3291
   -3.1862   -3.3256
   -3.1852   -3.3245
   -3.1843   -3.3226
   -3.1834   -3.3220
   -3.1825   -3.3193
   -3.1815   -3.3191
   -3.1806   -3.3179
   -3.1796   -3.3138
   -3.1787   -3.3132
   -3.1778   -3.3113
   -3.1769   -3.3109
   -3.1760   -3.3098
   -3.1750   -3.3098
   -3.1741   -3.3090
   -3.1732   -3.3069
   -3.1723   -3.3067
   -3.1714   -3.3066
   -3.1705   -3.3057
   -3.1696   -3.3050
   -3.1687   -3.3042
   -3.1678   -3.3042
   -3.1669   -3.3036
   -3.1660   -3.3030
   -3.1651   -3.3006
   -3.1642   -3.2998
   -3.1634   -3.2995
   -3.1625   -3.2989
   -3.1616   -3.2970
   -3.1607   -3.2953
   -3.1599   -3.2938
   -3.1590   -3.2930
   -3.1581   -3.2922
   -3.1573   -3.2914
   -3.1564   -3.2907
   -3.1555   -3.2899
   -3.1547   -3.2894
   -3.1538   -3.2875
   -3.1530   -3.2840
   -3.1521   -3.2835
   -3.1513   -3.2820
   -3.1504   -3.2803
   -3.1496   -3.2772
   -3.1487   -3.2765
   -3.1479   -3.2751
   -3.1470   -3.2743
   -3.1462   -3.2737
   -3.1454   -3.2727
   -3.1446   -3.2715
   -3.1437   -3.2703
   -3.1429   -3.2678
   -3.1421   -3.2671
   -3.1413   -3.2662
   -3.1404   -3.2653
   -3.1396   -3.2625
   -3.1388   -3.2586
   -3.1380   -3.2582
   -3.1372   -3.2574
   -3.1364   -3.2574
   -3.1356   -3.2572
   -3.1348   -3.2565
   -3.1340   -3.2531
   -3.1331   -3.2530
   -3.1323   -3.2524
   -3.1315   -3.2511
   -3.1307   -3.2503
   -3.1300   -3.2495
   -3.1292   -3.2485
   -3.1284   -3.2477
   -3.1276   -3.2470
   -3.1268   -3.2463
   -3.1260   -3.2455
   -3.1252   -3.2450
   -3.1244   -3.2442
   -3.1237   -3.2438
   -3.1229   -3.2434
   -3.1221   -3.2419
   -3.1214   -3.2413
   -3.1206   -3.2389
   -3.1198   -3.2386
   -3.1191   -3.2384
   -3.1183   -3.2381
   -3.1175   -3.2376
   -3.1167   -3.2343
   -3.1160   -3.2338
   -3.1152   -3.2333
   -3.1145   -3.2287
   -3.1137   -3.2286
   -3.1130   -3.2271
   -3.1122   -3.2262
   -3.1115   -3.2259
   -3.1107   -3.2256
   -3.1100   -3.2248
   -3.1092   -3.2246
   -3.1085   -3.2234
   -3.1077   -3.2213
   -3.1070   -3.2207
   -3.1063   -3.2203
   -3.1055   -3.2170
   -3.1048   -3.2161
   -3.1041   -3.2156
   -3.1033   -3.2150
   -3.1026   -3.2135
   -3.1019   -3.2134
   -3.1011   -3.2132
   -3.1004   -3.2099
   -3.0997   -3.2087
   -3.0989   -3.2085
   -3.0982   -3.2085
   -3.0975   -3.2083
   -3.0968   -3.2070
   -3.0961   -3.2066
   -3.0954   -3.2064
   -3.0947   -3.2061
   -3.0940   -3.2046
   -3.0932   -3.2041
   -3.0925   -3.2035
   -3.0918   -3.2029
   -3.0911   -3.2021
   -3.0904   -3.2018
   -3.0897   -3.2016
   -3.0890   -3.2011
   -3.0883   -3.2011
   -3.0876   -3.2000
   -3.0870   -3.1996
   -3.0863   -3.1992
   -3.0856   -3.1989
   -3.0849   -3.1985
   -3.0842   -3.1973
   -3.0835   -3.1966
   -3.0828   -3.1950
   -3.0821   -3.1949
   -3.0814   -3.1949
   -3.0808   -3.1939
   -3.0801   -3.1935
   -3.0794   -3.1920
   -3.0787   -3.1913
   -3.0781   -3.1907
   -3.0774   -3.1895
   -3.0767   -3.1873
   -3.0760   -3.1872
   -3.0754   -3.1870
   -3.0747   -3.1870
   -3.0740   -3.1856
   -3.0734   -3.1855
   -3.0727   -3.1852
   -3.0720   -3.1850
   -3.0714   -3.1833
   -3.0707   -3.1830
   -3.0701   -3.1824
   -3.0694   -3.1819
   -3.0687   -3.1807
   -3.0681   -3.1806
   -3.0674   -3.1803
   -3.0668   -3.1801
   -3.0661   -3.1780
   -3.0655   -3.1777
   -3.0648   -3.1774
   -3.0642   -3.1773
   -3.0635   -3.1755
   -3.0629   -3.1753
   -3.0622   -3.1750
   -3.0616   -3.1746
   -3.0610   -3.1746
   -3.0603   -3.1743
   -3.0597   -3.1721
   -3.0590   -3.1715
   -3.0584   -3.1690
   -3.0578   -3.1684
   -3.0572   -3.1662
   -3.0565   -3.1654
   -3.0559   -3.1649
   -3.0552   -3.1646
   -3.0546   -3.1633
   -3.0540   -3.1631
   -3.0534   -3.1631
   -3.0527   -3.1616
   -3.0521   -3.1614
   -3.0515   -3.1598
   -3.0509   -3.1594
   -3.0503   -3.1586
   -3.0496   -3.1585
   -3.0490   -3.1572
   -3.0484   -3.1572
   -3.0478   -3.1571
   -3.0472   -3.1564
   -3.0466   -3.1556
   -3.0459   -3.1551
   -3.0453   -3.1543
   -3.0447   -3.1530
   -3.0441   -3.1528
   -3.0435   -3.1525
   -3.0429   -3.1520
   -3.0423   -3.1499
   -3.0417   -3.1477
   -3.0411   -3.1477
   -3.0405   -3.1461
   -3.0399   -3.1449
   -3.0393   -3.1446
   -3.0387   -3.1440
   -3.0381   -3.1432
   -3.0375   -3.1430
   -3.0369   -3.1409
   -3.0363   -3.1408
   -3.0357   -3.1400
   -3.0351   -3.1396
   -3.0345   -3.1390
   -3.0339   -3.1386
   -3.0334   -3.1384
   -3.0328   -3.1380
   -3.0322   -3.1380
   -3.0316   -3.1375
   -3.0310   -3.1369
   -3.0304   -3.1356
   -3.0298   -3.1355
   -3.0292   -3.1331
   -3.0287   -3.1324
   -3.0281   -3.1321
   -3.0275   -3.1308
   -3.0269   -3.1300
   -3.0264   -3.1296
   -3.0258   -3.1282
   -3.0252   -3.1271
   -3.0246   -3.1267
   -3.0241   -3.1249
   -3.0235   -3.1237
   -3.0229   -3.1229
   -3.0223   -3.1214
   -3.0218   -3.1207
   -3.0212   -3.1207
   -3.0206   -3.1183
   -3.0201   -3.1182
   -3.0195   -3.1179
   -3.0190   -3.1178
   -3.0184   -3.1172
   -3.0178   -3.1162
   -3.0173   -3.1154
   -3.0167   -3.1145
   -3.0161   -3.1141
   -3.0156   -3.1140
   -3.0150   -3.1124
   -3.0145   -3.1107
   -3.0139   -3.1106
   -3.0133   -3.1105
   -3.0128   -3.1103
   -3.0123   -3.1085
   -3.0117   -3.1078
   -3.0112   -3.1063
   -3.0106   -3.1062
   -3.0101   -3.1061
   -3.0095   -3.1060
   -3.0090   -3.1054
   -3.0084   -3.1054
   -3.0079   -3.1054
   -3.0073   -3.1054
   -3.0068   -3.1039
   -3.0062   -3.1037
   -3.0057   -3.1036
   -3.0051   -3.1035
   -3.0046   -3.1032
   -3.0041   -3.1031
   -3.0035   -3.1028
   -3.0030   -3.1013
   -3.0025   -3.1002
   -3.0019   -3.0994
   -3.0014   -3.0989
   -3.0009   -3.0982
   -3.0003   -3.0974
   -2.9966   -3.0933
   -2.9945   -3.0911
   -2.9929   -3.0890
   -2.9837   -3.0780
   -2.9762   -3.0696
   -2.9708   -3.0624
   -2.9674   -3.0560
   -2.9664   -3.0547
   -2.9500   -3.0288
   -2.9431   -3.0226
   -2.9391   -3.0179
   -2.9382   -3.0173
   -2.9356   -3.0159
   -2.9330   -3.0129
   -2.9308   -3.0103
   -2.9214   -2.9996
   -2.9180   -2.9960
   -2.9155   -2.9943
   -2.9134   -2.9923
   -2.9102   -2.9904
   -2.9094   -2.9887
   -2.9049   -2.9840
   -2.9021   -2.9816
   -2.8927   -2.9732
   -2.8816   -2.9624
   -2.8812   -2.9623
   -2.8804   -2.9621
   -2.8793   -2.9595
   -2.8760   -2.9568
   -2.8698   -2.9532
   -2.8654   -2.9472
   -2.8579   -2.9380
   -2.8538   -2.9321
   -2.8527   -2.9318
   -2.8469   -2.9266
   -2.8435   -2.9239
   -2.8415   -2.9232
   -2.8368   -2.9188
   -2.8342   -2.9159
   -2.8122   -2.8857
   -2.8101   -2.8837
   -2.8089   -2.8808
   -2.8043   -2.8773
   -2.8001   -2.8734
   -2.7980   -2.8709
   -2.7945   -2.8697
   -2.7916   -2.8675
   -2.7893   -2.8653
   -2.7887   -2.8652
   -2.7875   -2.8637
   -2.7756   -2.8503
   -2.7737   -2.8485
   -2.7655   -2.8385
   -2.7572   -2.8281
   -2.7404   -2.8148
   -2.7336   -2.8066
   -2.7321   -2.8050
   -2.7185   -2.7927
   -2.7122   -2.7862
   -2.7057   -2.7794
   -2.7038   -2.7772
   -2.7018   -2.7757
   -2.6997   -2.7735
   -2.6904   -2.7598
   -2.6886   -2.7578
   -2.6879   -2.7566
   -2.6857   -2.7542
   -2.6853   -2.7539
   -2.6782   -2.7442
   -2.6742   -2.7415
   -2.6687   -2.7358
   -2.6673   -2.7331
   -2.6642   -2.7306
   -2.6607   -2.7245
   -2.6593   -2.7236
   -2.6556   -2.7195
   -2.6526   -2.7136
   -2.6487   -2.7103
   -2.6459   -2.7068
   -2.6374   -2.6968
   -2.6372   -2.6968
   -2.6301   -2.6885
   -2.6292   -2.6873
   -2.6178   -2.6764
   -2.6073   -2.6662
   -2.6023   -2.6610
   -2.5995   -2.6587
   -2.5970   -2.6571
   -2.5938   -2.6540
   -2.5889   -2.6504
   -2.5870   -2.6489
   -2.5812   -2.6416
   -2.5799   -2.6401
   -2.5769   -2.6372
   -2.5756   -2.6357
   -2.5733   -2.6323
   -2.5714   -2.6292
   -2.5709   -2.6287
   -2.5706   -2.6282
   -2.5694   -2.6264
   -2.5688   -2.6262
   -2.5677   -2.6253
   -2.5618   -2.6182
   -2.5615   -2.6181
   -2.5596   -2.6166
   -2.5536   -2.6111
   -2.5509   -2.6090
   -2.5413   -2.5993
   -2.5346   -2.5933
   -2.5337   -2.5927
   -2.5272   -2.5865
   -2.5169   -2.5733
   -2.5162   -2.5731
   -2.5155   -2.5723
   -2.5111   -2.5681
   -2.4959   -2.5522
   -2.4893   -2.5445
   -2.4865   -2.5411
   -2.4820   -2.5373
   -2.4757   -2.5292
   -2.4712   -2.5225
   -2.4628   -2.5136
   -2.4520   -2.5029
   -2.4478   -2.4985
   -2.4435   -2.4941
   -2.4355   -2.4866
   -2.4258   -2.4765
   -2.4108   -2.4613
   -2.4074   -2.4578
   -2.4048   -2.4545
   -2.4036   -2.4533
   -2.4019   -2.4518
   -2.3998   -2.4489
   -2.3840   -2.4307
   -2.3836   -2.4305
   -2.3806   -2.4266
   -2.3785   -2.4247
   -2.3766   -2.4232
   -2.3736   -2.4202
   -2.3734   -2.4201
   -2.3730   -2.4195
   -2.3683   -2.4142
   -2.3679   -2.4140
   -2.3663   -2.4128
   -2.3660   -2.4123
   -2.3616   -2.4088
   -2.3584   -2.4052
   -2.3573   -2.4040
   -2.3555   -2.4028
   -2.3518   -2.3991
   -2.3509   -2.3977
   -2.3308   -2.3768
   -2.3159   -2.3616
   -2.3108   -2.3556
   -2.3102   -2.3551
   -2.3097   -2.3548
   -2.3081   -2.3536
   -2.3060   -2.3518
   -2.3044   -2.3490
   -2.3024   -2.3473
   -2.3021   -2.3470
   -2.2906   -2.3349
   -2.2867   -2.3313
   -2.2865   -2.3310
   -2.2682   -2.3122
   -2.2636   -2.3073
   -2.2605   -2.3045
   -2.2529   -2.2967
   -2.2526   -2.2965
   -2.2353   -2.2796
   -2.2187   -2.2628
   -2.2182   -2.2625
   -2.2172   -2.2612
   -2.2125   -2.2566
   -2.2093   -2.2527
   -2.2055   -2.2488
   -2.1921   -2.2357
   -2.1863   -2.2297
   -2.1849   -2.2284
   -2.1796   -2.2227
   -2.1774   -2.2201
   -2.1733   -2.2165
   -2.1665   -2.2089
   -2.1639   -2.2061
   -2.1581   -2.2007
   -2.1580   -2.2006
   -2.1572   -2.1997
   -2.1489   -2.1915
   -2.1469   -2.1899
   -2.1465   -2.1895
   -2.1433   -2.1859
   -2.1417   -2.1844
   -2.1414   -2.1842
   -2.1331   -2.1757
   -2.1325   -2.1748
   -2.1319   -2.1742
   -2.1284   -2.1715
   -2.1265   -2.1690
   -2.1225   -2.1646
   -2.1202   -2.1619
   -2.1193   -2.1609
   -2.1171   -2.1589
   -2.1101   -2.1514
   -2.1097   -2.1508
   -2.1086   -2.1500
   -2.1067   -2.1477
   -2.1066   -2.1475
   -2.1054   -2.1459
   -2.0820   -2.1224
   -2.0800   -2.1204
   -2.0699   -2.1108
   -2.0676   -2.1086
   -2.0657   -2.1064
   -2.0618   -2.1030
   -2.0612   -2.1027
   -2.0592   -2.1004
   -2.0517   -2.0918
   -2.0503   -2.0904
   -2.0432   -2.0818
   -2.0395   -2.0780
   -2.0372   -2.0760
   -2.0368   -2.0754
   -2.0358   -2.0746
   -2.0322   -2.0709
   -2.0292   -2.0675
   -2.0236   -2.0623
   -2.0231   -2.0621
   -2.0218   -2.0608
   -2.0081   -2.0458
   -2.0053   -2.0432
   -2.0042   -2.0423
   -1.9995   -2.0381
   -1.9965   -2.0357
   -1.9887   -2.0264
   -1.9796   -2.0182
   -1.9767   -2.0147
   -1.9746   -2.0118
   -1.9663   -2.0036
   -1.9656   -2.0026
   -1.9633   -2.0001
   -1.9584   -1.9950
   -1.9548   -1.9915
   -1.9525   -1.9892
   -1.9486   -1.9847
   -1.9421   -1.9785
   -1.9405   -1.9770
   -1.9394   -1.9759
   -1.9389   -1.9754
   -1.9308   -1.9664
   -1.9302   -1.9660
   -1.9245   -1.9603
   -1.9232   -1.9589
   -1.9098   -1.9438
   -1.9080   -1.9425
   -1.9058   -1.9403
   -1.9045   -1.9389
   -1.9010   -1.9355
   -1.9008   -1.9352
   -1.8985   -1.9328
   -1.8930   -1.9268
   -1.8913   -1.9257
   -1.8899   -1.9238
   -1.8860   -1.9195
   -1.8844   -1.9174
   -1.8822   -1.9148
   -1.8811   -1.9137
   -1.8805   -1.9132
   -1.8801   -1.9124
   -1.8695   -1.9007
   -1.8676   -1.8992
   -1.8560   -1.8870
   -1.8556   -1.8866
   -1.8465   -1.8769
   -1.8444   -1.8744
   -1.8441   -1.8741
   -1.8310   -1.8607
   -1.8237   -1.8547
   -1.8093   -1.8401
   -1.8086   -1.8391
   -1.8032   -1.8335
   -1.8011   -1.8311
   -1.8001   -1.8300
   -1.7991   -1.8290
   -1.7944   -1.8242
   -1.7909   -1.8204
   -1.7708   -1.8009
   -1.7701   -1.7999
   -1.7642   -1.7939
   -1.7637   -1.7933
   -1.7590   -1.7879
   -1.7525   -1.7816
   -1.7502   -1.7788
   -1.7435   -1.7715
   -1.7423   -1.7701
   -1.7371   -1.7644
   -1.7280   -1.7551
   -1.7211   -1.7488
   -1.7200   -1.7478
   -1.7180   -1.7456
   -1.7178   -1.7454
   -1.7176   -1.7451
   -1.7136   -1.7412
   -1.7097   -1.7366
   -1.7057   -1.7323
   -1.7052   -1.7317
   -1.7038   -1.7302
   -1.7027   -1.7291
   -1.6944   -1.7206
   -1.6919   -1.7185
   -1.6709   -1.6975
   -1.6630   -1.6893
   -1.6582   -1.6840
   -1.6569   -1.6826
   -1.6550   -1.6808
   -1.6542   -1.6799
   -1.6473   -1.6732
   -1.6436   -1.6692
   -1.6419   -1.6675
   -1.6412   -1.6668
   -1.6369   -1.6622
   -1.6354   -1.6605
   -1.6347   -1.6598
   -1.6347   -1.6597
   -1.6306   -1.6556
   -1.6233   -1.6468
   -1.6213   -1.6451
   -1.6091   -1.6334
   -1.6036   -1.6272
   -1.6035   -1.6271
   -1.5974   -1.6205
   -1.5965   -1.6197
   -1.5848   -1.6073
   -1.5773   -1.5997
   -1.5770   -1.5996
   -1.5735   -1.5962
   -1.5735   -1.5962
   -1.5685   -1.5906
   -1.5660   -1.5883
   -1.5545   -1.5768
   -1.5451   -1.5671
   -1.5446   -1.5667
   -1.5406   -1.5626
   -1.5336   -1.5557
   -1.5271   -1.5495
   -1.5249   -1.5475
   -1.5203   -1.5434
   -1.5151   -1.5379
   -1.5087   -1.5313
   -1.5063   -1.5288
   -1.5012   -1.5240
   -1.4843   -1.5068
   -1.4821   -1.5048
   -1.4815   -1.5042
   -1.4783   -1.5010
   -1.4663   -1.4895
   -1.4650   -1.4879
   -1.4592   -1.4816
   -1.4557   -1.4784
   -1.4515   -1.4745
   -1.4502   -1.4731
   -1.4453   -1.4682
   -1.4452   -1.4681
   -1.4423   -1.4655
   -1.4365   -1.4598
   -1.4359   -1.4593
   -1.4354   -1.4587
   -1.4349   -1.4582
   -1.4342   -1.4575
   -1.4322   -1.4554
   -1.4306   -1.4537
   -1.4270   -1.4499
   -1.4255   -1.4486
   -1.4220   -1.4447
   -1.4183   -1.4415
   -1.4182   -1.4415
   -1.4163   -1.4393
   -1.4157   -1.4386
   -1.4075   -1.4304
   -1.3963   -1.4192
   -1.3943   -1.4174
   -1.3839   -1.4061
   -1.3791   -1.4015
   -1.3762   -1.3985
   -1.3754   -1.3979
   -1.3750   -1.3976
   -1.3739   -1.3964
   -1.3722   -1.3945
   -1.3677   -1.3899
   -1.3650   -1.3869
   -1.3594   -1.3811
   -1.3483   -1.3693
   -1.3478   -1.3689
   -1.3454   -1.3667
   -1.3413   -1.3622
   -1.3298   -1.3507
   -1.3291   -1.3500
   -1.3246   -1.3452
   -1.3217   -1.3424
   -1.3213   -1.3420
   -1.3160   -1.3368
   -1.3153   -1.3359
   -1.3139   -1.3348
   -1.3087   -1.3295
   -1.3025   -1.3237
   -1.2926   -1.3140
   -1.2920   -1.3135
   -1.2864   -1.3081
   -1.2595   -1.2815
   -1.2562   -1.2782
   -1.2441   -1.2665
   -1.2375   -1.2596
   -1.2361   -1.2582
   -1.2341   -1.2561
   -1.2333   -1.2554
   -1.2280   -1.2502
   -1.2274   -1.2496
   -1.2255   -1.2478
   -1.2177   -1.2397
   -1.2103   -1.2327
   -1.2025   -1.2249
   -1.1978   -1.2204
   -1.1816   -1.2039
   -1.1801   -1.2026
   -1.1734   -1.1959
   -1.1731   -1.1954
   -1.1693   -1.1914
   -1.1639   -1.1860
   -1.1603   -1.1821
   -1.1542   -1.1758
   -1.1541   -1.1756
   -1.1469   -1.1684
   -1.1276   -1.1489
   -1.1232   -1.1444
   -1.1111   -1.1320
   -1.1095   -1.1303
   -1.1047   -1.1255
   -1.1008   -1.1209
   -1.0994   -1.1194
   -1.0989   -1.1189
   -1.0874   -1.1071
   -1.0824   -1.1021
   -1.0821   -1.1018
   -1.0738   -1.0935
   -1.0705   -1.0903
   -1.0696   -1.0893
   -1.0597   -1.0797
   -1.0537   -1.0733
   -1.0501   -1.0699
   -1.0468   -1.0668
   -1.0332   -1.0537
   -1.0307   -1.0513
   -1.0283   -1.0489
   -1.0176   -1.0384
   -1.0176   -1.0384
   -1.0137   -1.0344
   -1.0098   -1.0306
   -0.9994   -1.0201
   -0.9935   -1.0143
   -0.9897   -1.0105
   -0.9826   -1.0036
   -0.9797   -1.0009
   -0.9787   -0.9998
   -0.9756   -0.9967
   -0.9670   -0.9883
   -0.9637   -0.9851
   -0.9636   -0.9849
   -0.9553   -0.9771
   -0.9502   -0.9722
   -0.9463   -0.9682
   -0.9453   -0.9671
   -0.9333   -0.9549
   -0.9314   -0.9531
   -0.9299   -0.9513
   -0.9289   -0.9503
   -0.9245   -0.9455
   -0.9235   -0.9446
   -0.9220   -0.9432
   -0.9201   -0.9415
   -0.9197   -0.9411
   -0.9163   -0.9379
   -0.9128   -0.9340
   -0.9127   -0.9340
   -0.8962   -0.9177
   -0.8881   -0.9097
   -0.8820   -0.9039
   -0.8703   -0.8922
   -0.8691   -0.8911
   -0.8669   -0.8888
   -0.8625   -0.8845
   -0.8545   -0.8767
   -0.8458   -0.8681
   -0.8437   -0.8659
   -0.8437   -0.8659
   -0.8263   -0.8485
   -0.8205   -0.8430
   -0.8196   -0.8421
   -0.8192   -0.8417
   -0.8138   -0.8361
   -0.8115   -0.8340
   -0.8076   -0.8302
   -0.8007   -0.8235
   -0.7957   -0.8188
   -0.7901   -0.8129
   -0.7900   -0.8128
   -0.7865   -0.8095
   -0.7817   -0.8047
   -0.7725   -0.7958
   -0.7716   -0.7950
   -0.7648   -0.7883
   -0.7582   -0.7818
   -0.7545   -0.7779
   -0.7528   -0.7763
   -0.7524   -0.7760
   -0.7463   -0.7701
   -0.7393   -0.7634
   -0.7390   -0.7631
   -0.7375   -0.7615
   -0.7356   -0.7596
   -0.7351   -0.7591
   -0.7328   -0.7567
   -0.7286   -0.7525
   -0.7279   -0.7517
   -0.7260   -0.7499
   -0.7199   -0.7443
   -0.7138   -0.7382
   -0.7100   -0.7343
   -0.7051   -0.7292
   -0.6907   -0.7147
   -0.6870   -0.7108
   -0.6832   -0.7073
   -0.6807   -0.7048
   -0.6753   -0.6994
   -0.6712   -0.6954
   -0.6680   -0.6922
   -0.6668   -0.6909
   -0.6664   -0.6906
   -0.6617   -0.6860
   -0.6616   -0.6859
   -0.6606   -0.6851
   -0.6484   -0.6729
   -0.6446   -0.6694
   -0.6403   -0.6651
   -0.6294   -0.6541
   -0.6276   -0.6523
   -0.6256   -0.6503
   -0.6211   -0.6458
   -0.6207   -0.6454
   -0.6198   -0.6445
   -0.6146   -0.6394
   -0.6096   -0.6343
   -0.6059   -0.6306
   -0.6054   -0.6301
   -0.6048   -0.6296
   -0.6009   -0.6257
   -0.6002   -0.6249
   -0.5978   -0.6224
   -0.5967   -0.6213
   -0.5959   -0.6205
   -0.5907   -0.6156
   -0.5860   -0.6111
   -0.5786   -0.6040
   -0.5648   -0.5905
   -0.5633   -0.5890
   -0.5630   -0.5887
   -0.5630   -0.5887
   -0.5565   -0.5824
   -0.5535   -0.5796
   -0.5377   -0.5645
   -0.5369   -0.5637
   -0.5365   -0.5633
   -0.5206   -0.5480
   -0.5167   -0.5447
   -0.5056   -0.5341
   -0.5049   -0.5333
   -0.5012   -0.5296
   -0.4950   -0.5233
   -0.4907   -0.5188
   -0.4903   -0.5185
   -0.4860   -0.5141
   -0.4827   -0.5108
   -0.4814   -0.5096
   -0.4808   -0.5090
   -0.4795   -0.5076
   -0.4696   -0.4978
   -0.4684   -0.4967
   -0.4662   -0.4947
   -0.4644   -0.4930
   -0.4641   -0.4927
   -0.4618   -0.4903
   -0.4586   -0.4870
   -0.4584   -0.4868
   -0.4562   -0.4846
   -0.4562   -0.4846
   -0.4556   -0.4841
   -0.4550   -0.4836
   -0.4513   -0.4800
   -0.4465   -0.4752
   -0.4408   -0.4697
   -0.4384   -0.4673
   -0.4322   -0.4616
   -0.4322   -0.4615
   -0.4270   -0.4568
   -0.4226   -0.4525
   -0.4224   -0.4524
   -0.4187   -0.4489
   -0.4181   -0.4483
   -0.4067   -0.4370
   -0.4005   -0.4306
   -0.3994   -0.4295
   -0.3982   -0.4284
   -0.3911   -0.4214
   -0.3874   -0.4178
   -0.3821   -0.4128
   -0.3783   -0.4091
   -0.3771   -0.4077
   -0.3751   -0.4058
   -0.3670   -0.3985
   -0.3660   -0.3973
   -0.3588   -0.3901
   -0.3510   -0.3826
   -0.3467   -0.3785
   -0.3453   -0.3773
   -0.3364   -0.3686
   -0.3312   -0.3635
   -0.3260   -0.3584
   -0.3246   -0.3571
   -0.3191   -0.3517
   -0.3084   -0.3416
   -0.3060   -0.3393
   -0.2872   -0.3210
   -0.2848   -0.3188
   -0.2830   -0.3170
   -0.2780   -0.3120
   -0.2779   -0.3120
   -0.2749   -0.3091
   -0.2716   -0.3059
   -0.2683   -0.3027
   -0.2672   -0.3016
   -0.2565   -0.2911
   -0.2538   -0.2885
   -0.2499   -0.2845
   -0.2485   -0.2831
   -0.2471   -0.2818
   -0.2438   -0.2781
   -0.2401   -0.2745
   -0.2398   -0.2742
   -0.2397   -0.2741
   -0.2396   -0.2740
   -0.2331   -0.2678
   -0.2274   -0.2623
   -0.2253   -0.2602
   -0.2229   -0.2582
   -0.2221   -0.2573
   -0.2205   -0.2558
   -0.2192   -0.2547
   -0.2174   -0.2528
   -0.2154   -0.2509
   -0.2144   -0.2498
   -0.2128   -0.2483
   -0.2099   -0.2453
   -0.2094   -0.2448
   -0.2085   -0.2438
   -0.2080   -0.2433
   -0.2013   -0.2369
   -0.1855   -0.2219
   -0.1815   -0.2181
   -0.1723   -0.2094
   -0.1715   -0.2086
   -0.1714   -0.2086
   -0.1696   -0.2068
   -0.1691   -0.2062
   -0.1677   -0.2048
   -0.1674   -0.2045
   -0.1671   -0.2042
   -0.1616   -0.1988
   -0.1594   -0.1966
   -0.1569   -0.1943
   -0.1560   -0.1932
   -0.1557   -0.1929
   -0.1535   -0.1909
   -0.1492   -0.1866
   -0.1471   -0.1844
   -0.1469   -0.1842
   -0.1447   -0.1821
   -0.1430   -0.1804
   -0.1349   -0.1723
   -0.1300   -0.1674
   -0.1259   -0.1632
   -0.1210   -0.1586
   -0.1174   -0.1548
   -0.1038   -0.1418
   -0.0947   -0.1331
   -0.0934   -0.1318
   -0.0906   -0.1290
   -0.0904   -0.1288
   -0.0891   -0.1276
   -0.0852   -0.1237
   -0.0834   -0.1220
   -0.0765   -0.1152
   -0.0742   -0.1130
   -0.0719   -0.1106
   -0.0711   -0.1099
   -0.0697   -0.1085
   -0.0687   -0.1075
   -0.0666   -0.1056
   -0.0622   -0.1014
   -0.0583   -0.0978
   -0.0582   -0.0977
   -0.0571   -0.0967
   -0.0488   -0.0885
   -0.0427   -0.0824
   -0.0381   -0.0781
   -0.0352   -0.0753
   -0.0348   -0.0748
   -0.0330   -0.0731
   -0.0296   -0.0699
   -0.0285   -0.0689
   -0.0191   -0.0595
   -0.0150   -0.0556
   -0.0098   -0.0504
   -0.0018   -0.0426
    0.0013   -0.0396
    0.0136   -0.0278
    0.0137   -0.0278
    0.0199   -0.0213
    0.0249   -0.0168
    0.0298   -0.0120
    0.0329   -0.0090
    0.0350   -0.0070
    0.0488    0.0063
    0.0497    0.0072
    0.0596    0.0173
    0.0614    0.0191
    0.0648    0.0222
    0.0786    0.0356
    0.0886    0.0454
    0.0967    0.0534
    0.0979    0.0547
    0.1012    0.0579
    0.1016    0.0582
    0.1032    0.0597
    0.1103    0.0666
    0.1110    0.0671
    0.1169    0.0726
    0.1215    0.0769
    0.1380    0.0925
    0.1512    0.1056
    0.1533    0.1076
    0.1553    0.1095
    0.1554    0.1096
    0.1563    0.1105
    0.1608    0.1148
    0.1616    0.1155
    0.1626    0.1167
    0.1635    0.1176
    0.1667    0.1206
    0.1702    0.1240
    0.1726    0.1263
    0.1780    0.1316
    0.1807    0.1344
    0.1923    0.1458
    0.1958    0.1491
    0.1961    0.1494
    0.1985    0.1519
    0.2040    0.1572
    0.2163    0.1696
    0.2181    0.1716
    0.2192    0.1729
    0.2209    0.1745
    0.2256    0.1788
    0.2270    0.1802
    0.2284    0.1816
    0.2311    0.1843
    0.2324    0.1856
    0.2347    0.1878
    0.2349    0.1880
    0.2420    0.1950
    0.2437    0.1967
    0.2476    0.2005
    0.2493    0.2022
    0.2564    0.2090
    0.2588    0.2112
    0.2591    0.2116
    0.2638    0.2162
    0.2642    0.2165
    0.2673    0.2194
    0.2675    0.2197
    0.2731    0.2250
    0.2736    0.2256
    0.2888    0.2402
    0.2966    0.2479
    0.3005    0.2518
    0.3009    0.2521
    0.3088    0.2597
    0.3091    0.2601
    0.3109    0.2619
    0.3135    0.2643
    0.3147    0.2654
    0.3159    0.2665
    0.3170    0.2675
    0.3229    0.2733
    0.3250    0.2754
    0.3296    0.2798
    0.3500    0.2995
    0.3523    0.3016
    0.3545    0.3037
    0.3593    0.3083
    0.3652    0.3137
    0.3658    0.3143
    0.3665    0.3150
    0.3713    0.3196
    0.3732    0.3215
    0.3815    0.3295
    0.3830    0.3310
    0.3925    0.3402
    0.3965    0.3440
    0.3967    0.3441
    0.3990    0.3465
    0.4069    0.3540
    0.4115    0.3585
    0.4141    0.3608
    0.4146    0.3612
    0.4151    0.3617
    0.4192    0.3657
    0.4304    0.3770
    0.4393    0.3855
    0.4470    0.3933
    0.4547    0.4004
    0.4627    0.4082
    0.4657    0.4111
    0.4686    0.4138
    0.4725    0.4177
    0.4827    0.4277
    0.4828    0.4278
    0.5049    0.4500
    0.5131    0.4580
    0.5167    0.4617
    0.5170    0.4619
    0.5212    0.4666
    0.5257    0.4708
    0.5404    0.4847
    0.5415    0.4859
    0.5460    0.4904
    0.5596    0.5037
    0.5599    0.5040
    0.5632    0.5072
    0.5646    0.5086
    0.5654    0.5093
    0.5688    0.5125
    0.5835    0.5271
    0.5855    0.5291
    0.5882    0.5319
    0.5961    0.5394
    0.5970    0.5403
    0.5985    0.5418
    0.6020    0.5451
    0.6027    0.5457
    0.6059    0.5489
    0.6105    0.5533
    0.6106    0.5535
    0.6106    0.5535
    0.6147    0.5574
    0.6183    0.5607
    0.6263    0.5690
    0.6263    0.5691
    0.6288    0.5715
    0.6294    0.5721
    0.6374    0.5800
    0.6391    0.5818
    0.6412    0.5838
    0.6436    0.5861
    0.6651    0.6077
    0.6677    0.6102
    0.6737    0.6159
    0.6833    0.6252
    0.6871    0.6291
    0.6882    0.6301
    0.7078    0.6494
    0.7130    0.6545
    0.7141    0.6555
    0.7175    0.6587
    0.7185    0.6598
    0.7204    0.6619
    0.7244    0.6659
    0.7367    0.6780
    0.7442    0.6851
    0.7559    0.6968
    0.7559    0.6968
    0.7578    0.6987
    0.7595    0.7003
    0.7657    0.7068
    0.7659    0.7070
    0.7668    0.7079
    0.7720    0.7132
    0.7722    0.7134
    0.7726    0.7137
    0.7731    0.7142
    0.7757    0.7167
    0.7770    0.7179
    0.7771    0.7180
    0.7773    0.7182
    0.7797    0.7205
    0.7805    0.7212
    0.7859    0.7264
    0.7908    0.7312
    0.7930    0.7334
    0.8018    0.7423
    0.8026    0.7430
    0.8054    0.7457
    0.8062    0.7465
    0.8118    0.7525
    0.8232    0.7641
    0.8318    0.7729
    0.8336    0.7747
    0.8435    0.7840
    0.8450    0.7854
    0.8473    0.7878
    0.8484    0.7887
    0.8503    0.7907
    0.8560    0.7966
    0.8668    0.8075
    0.8717    0.8123
    0.8724    0.8129
    0.8725    0.8130
    0.8811    0.8214
    0.8847    0.8249
    0.8852    0.8255
    0.8869    0.8273
    0.9093    0.8497
    0.9108    0.8510
    0.9109    0.8511
    0.9119    0.8520
    0.9160    0.8558
    0.9161    0.8560
    0.9198    0.8595
    0.9286    0.8678
    0.9349    0.8744
    0.9367    0.8761
    0.9469    0.8861
    0.9490    0.8879
    0.9493    0.8882
    0.9513    0.8903
    0.9541    0.8932
    0.9565    0.8955
    0.9597    0.8984
    0.9628    0.9012
    0.9637    0.9021
    0.9640    0.9024
    0.9751    0.9131
    0.9756    0.9135
    0.9768    0.9146
    0.9816    0.9195
    0.9833    0.9216
    0.9880    0.9259
    0.9922    0.9304
    0.9942    0.9324
    1.0009    0.9390
    1.0015    0.9396
    1.0067    0.9446
    1.0112    0.9491
    1.0117    0.9495
    1.0128    0.9507
    1.0145    0.9523
    1.0227    0.9602
    1.0327    0.9704
    1.0343    0.9719
    1.0349    0.9726
    1.0379    0.9755
    1.0414    0.9792
    1.0474    0.9857
    1.0539    0.9919
    1.0556    0.9937
    1.0557    0.9939
    1.0614    0.9999
    1.0644    1.0029
    1.0645    1.0030
    1.0658    1.0042
    1.0661    1.0045
    1.0755    1.0134
    1.0764    1.0144
    1.0776    1.0155
    1.0891    1.0272
    1.0918    1.0302
    1.1014    1.0400
    1.1055    1.0442
    1.1112    1.0496
    1.1136    1.0521
    1.1145    1.0530
    1.1174    1.0561
    1.1281    1.0666
    1.1321    1.0707
    1.1384    1.0774
    1.1406    1.0797
    1.1440    1.0832
    1.1479    1.0871
    1.1493    1.0886
    1.1503    1.0895
    1.1518    1.0910
    1.1520    1.0913
    1.1593    1.0988
    1.1639    1.1033
    1.1696    1.1094
    1.1743    1.1145
    1.1827    1.1230
    1.1843    1.1247
    1.1877    1.1281
    1.1895    1.1299
    1.1922    1.1325
    1.1965    1.1365
    1.2007    1.1403
    1.2014    1.1410
    1.2017    1.1413
    1.2019    1.1415
    1.2037    1.1433
    1.2042    1.1438
    1.2043    1.1439
    1.2045    1.1441
    1.2114    1.1507
    1.2159    1.1553
    1.2182    1.1577
    1.2211    1.1605
    1.2342    1.1740
    1.2383    1.1779
    1.2430    1.1824
    1.2441    1.1837
    1.2491    1.1883
    1.2512    1.1904
    1.2656    1.2051
    1.2659    1.2055
    1.2684    1.2081
    1.2702    1.2098
    1.2721    1.2118
    1.2725    1.2122
    1.2727    1.2123
    1.2737    1.2134
    1.2831    1.2229
    1.2845    1.2246
    1.2922    1.2323
    1.2935    1.2335
    1.2945    1.2346
    1.2953    1.2354
    1.2956    1.2357
    1.2996    1.2397
    1.3052    1.2457
    1.3115    1.2523
    1.3161    1.2572
    1.3164    1.2574
    1.3173    1.2583
    1.3258    1.2671
    1.3278    1.2690
    1.3304    1.2716
    1.3413    1.2823
    1.3426    1.2836
    1.3474    1.2888
    1.3482    1.2895
    1.3496    1.2909
    1.3503    1.2913
    1.3537    1.2947
    1.3556    1.2966
    1.3600    1.3010
    1.3638    1.3051
    1.3730    1.3145
    1.3756    1.3172
    1.3891    1.3305
    1.3904    1.3316
    1.3999    1.3416
    1.4025    1.3443
    1.4030    1.3448
    1.4030    1.3448
    1.4225    1.3645
    1.4234    1.3654
    1.4258    1.3679
    1.4292    1.3716
    1.4317    1.3744
    1.4332    1.3759
    1.4398    1.3824
    1.4418    1.3843
    1.4456    1.3888
    1.4480    1.3910
    1.4504    1.3934
    1.4569    1.4001
    1.4591    1.4022
    1.4595    1.4027
    1.4601    1.4033
    1.4649    1.4083
    1.4651    1.4085
    1.4674    1.4110
    1.4735    1.4172
    1.4753    1.4194
    1.4804    1.4243
    1.4809    1.4248
    1.4845    1.4286
    1.4905    1.4346
    1.4914    1.4354
    1.4932    1.4368
    1.5010    1.4445
    1.5052    1.4490
    1.5079    1.4516
    1.5168    1.4605
    1.5208    1.4650
    1.5223    1.4665
    1.5226    1.4668
    1.5356    1.4807
    1.5419    1.4872
    1.5456    1.4910
    1.5466    1.4923
    1.5483    1.4940
    1.5504    1.4960
    1.5643    1.5094
    1.5661    1.5113
    1.5707    1.5161
    1.5801    1.5258
    1.5834    1.5287
    1.5900    1.5350
    1.5940    1.5394
    1.5961    1.5414
    1.5982    1.5432
    1.6096    1.5555
    1.6158    1.5610
    1.6233    1.5687
    1.6253    1.5706
    1.6383    1.5846
    1.6396    1.5858
    1.6406    1.5866
    1.6426    1.5889
    1.6442    1.5905
    1.6511    1.5980
    1.6544    1.6014
    1.6705    1.6196
    1.6708    1.6199
    1.6719    1.6208
    1.6771    1.6263
    1.6775    1.6268
    1.6782    1.6275
    1.6832    1.6328
    1.6838    1.6333
    1.6901    1.6397
    1.6908    1.6405
    1.7085    1.6581
    1.7106    1.6601
    1.7109    1.6603
    1.7117    1.6609
    1.7141    1.6636
    1.7159    1.6655
    1.7173    1.6672
    1.7198    1.6698
    1.7224    1.6725
    1.7272    1.6768
    1.7443    1.6946
    1.7482    1.6987
    1.7602    1.7103
    1.7724    1.7227
    1.7764    1.7268
    1.7797    1.7301
    1.7854    1.7355
    1.7886    1.7387
    1.7973    1.7474
    1.7979    1.7480
    1.8009    1.7512
    1.8014    1.7518
    1.8101    1.7600
    1.8115    1.7612
    1.8157    1.7663
    1.8166    1.7671
    1.8222    1.7735
    1.8267    1.7781
    1.8339    1.7857
    1.8387    1.7910
    1.8436    1.7957
    1.8517    1.8036
    1.8527    1.8046
    1.8571    1.8093
    1.8626    1.8153
    1.8676    1.8208
    1.8721    1.8253
    1.8763    1.8295
    1.8817    1.8348
    1.8909    1.8460
    1.8957    1.8509
    1.9024    1.8579
    1.9031    1.8586
    1.9088    1.8647
    1.9092    1.8651
    1.9108    1.8670
    1.9128    1.8694
    1.9142    1.8708
    1.9215    1.8787
    1.9227    1.8804
    1.9288    1.8879
    1.9321    1.8918
    1.9332    1.8929
    1.9342    1.8939
    1.9383    1.8983
    1.9454    1.9058
    1.9496    1.9102
    1.9511    1.9121
    1.9630    1.9249
    1.9655    1.9279
    1.9662    1.9288
    1.9665    1.9292
    1.9734    1.9364
    1.9778    1.9413
    1.9787    1.9422
    1.9844    1.9477
    1.9860    1.9493
    1.9873    1.9509
    1.9969    1.9620
    2.0005    1.9657
    2.0062    1.9715
    2.0148    1.9805
    2.0149    1.9805
    2.0152    1.9812
    2.0205    1.9863
    2.0291    1.9953
    2.0306    1.9969
    2.0323    1.9984
    2.0384    2.0045
    2.0439    2.0110
    2.0488    2.0162
    2.0540    2.0215
    2.0582    2.0251
    2.0596    2.0268
    2.0653    2.0330
    2.0654    2.0332
    2.0709    2.0390
    2.0814    2.0512
    2.0840    2.0544
    2.0891    2.0600
    2.0910    2.0620
    2.0915    2.0624
    2.1015    2.0718
    2.1034    2.0736
    2.1042    2.0745
    2.1054    2.0762
    2.1120    2.0845
    2.1122    2.0847
    2.1147    2.0882
    2.1198    2.0949
    2.1283    2.1048
    2.1308    2.1072
    2.1397    2.1156
    2.1423    2.1187
    2.1502    2.1283
    2.1583    2.1369
    2.1710    2.1503
    2.1781    2.1588
    2.1782    2.1588
    2.1797    2.1602
    2.1855    2.1659
    2.1921    2.1736
    2.2053    2.1856
    2.2121    2.1930
    2.2132    2.1940
    2.2197    2.2010
    2.2286    2.2098
    2.2320    2.2129
    2.2322    2.2133
    2.2337    2.2155
    2.2391    2.2214
    2.2516    2.2355
    2.2676    2.2523
    2.2701    2.2544
    2.2706    2.2552
    2.2810    2.2678
    2.2826    2.2698
    2.2838    2.2711
    2.2904    2.2780
    2.2916    2.2790
    2.2927    2.2800
    2.2930    2.2802
    2.3048    2.2921
    2.3070    2.2940
    2.3077    2.2946
    2.3098    2.2963
    2.3106    2.2967
    2.3113    2.2981
    2.3203    2.3084
    2.3213    2.3091
    2.3251    2.3130
    2.3297    2.3174
    2.3313    2.3196
    2.3327    2.3209
    2.3337    2.3219
    2.3361    2.3241
    2.3371    2.3248
    2.3420    2.3320
    2.3480    2.3381
    2.3486    2.3391
    2.3558    2.3481
    2.3567    2.3490
    2.3569    2.3491
    2.3661    2.3575
    2.3695    2.3610
    2.3737    2.3654
    2.3787    2.3714
    2.3814    2.3750
    2.3826    2.3759
    2.3835    2.3769
    2.3899    2.3847
    2.3950    2.3898
    2.4030    2.3989
    2.4082    2.4041
    2.4185    2.4153
    2.4195    2.4170
    2.4199    2.4173
    2.4214    2.4184
    2.4244    2.4223
    2.4254    2.4234
    2.4296    2.4265
    2.4360    2.4361
    2.4538    2.4560
    2.4558    2.4585
    2.4569    2.4596
    2.4602    2.4628
    2.4625    2.4647
    2.4646    2.4669
    2.4683    2.4712
    2.4713    2.4739
    2.4741    2.4767
    2.4760    2.4792
    2.4819    2.4854
    2.4936    2.4993
    2.4945    2.5004
    2.5000    2.5055
    2.5006    2.5062
    2.5026    2.5099
    2.5027    2.5102
    2.5100    2.5184
    2.5282    2.5371
    2.5299    2.5385
    2.5339    2.5413
    2.5426    2.5488
    2.5474    2.5541
    2.5477    2.5541
    2.5479    2.5543
    2.5494    2.5559
    2.5567    2.5657
    2.5573    2.5668
    2.5582    2.5673
    2.5607    2.5696
    2.5609    2.5700
    2.5696    2.5807
    2.5698    2.5807
    2.5699    2.5813
    2.5776    2.5885
    2.5782    2.5896
    2.5812    2.5927
    2.5815    2.5935
    2.5958    2.6132
    2.5964    2.6138
    2.5969    2.6141
    2.6035    2.6223
    2.6107    2.6293
    2.6134    2.6325
    2.6158    2.6358
    2.6178    2.6370
    2.6218    2.6419
    2.6220    2.6419
    2.6259    2.6489
    2.6332    2.6559
    2.6381    2.6607
    2.6451    2.6678
    2.6465    2.6701
    2.6648    2.6928
    2.6706    2.6987
    2.6733    2.7026
    2.6866    2.7188
    2.6915    2.7262
    2.6950    2.7295
    2.7043    2.7406
    2.7188    2.7582
    2.7316    2.7723
    2.7339    2.7762
    2.7409    2.7865
    2.7457    2.7912
    2.7467    2.7914
    2.7485    2.7927
    2.7511    2.7968
    2.7604    2.8105
    2.7625    2.8134
    2.7655    2.8154
    2.7682    2.8193
    2.7712    2.8224
    2.7742    2.8267
    2.7858    2.8385
    2.7933    2.8502
    2.8083    2.8704
    2.8095    2.8721
    2.8197    2.8836
    2.8283    2.8949
    2.8296    2.8954
    2.8303    2.8956
    2.8309    2.8965
    2.8329    2.8977
    2.8415    2.9061
    2.8466    2.9116
    2.8496    2.9160
    2.8517    2.9173
    2.8545    2.9201
    2.8572    2.9250
    2.8618    2.9309
    2.8622    2.9309
    2.8679    2.9375
    2.8701    2.9420
    2.8708    2.9427
    2.8734    2.9467
    2.8741    2.9472
    2.8869    2.9592
    2.8884    2.9623
    2.8927    2.9656
    2.8930    2.9666
    2.8942    2.9714
    2.8950    2.9723
    2.8965    2.9733
    2.9021    2.9818
    2.9069    2.9863
    2.9197    2.9981
    2.9209    3.0001
    2.9248    3.0050
    2.9290    3.0096
    2.9391    3.0203
    2.9396    3.0204
    2.9409    3.0237
    2.9414    3.0239
    2.9427    3.0255
    2.9440    3.0286
    2.9449    3.0291
    2.9477    3.0326
    2.9490    3.0342
    2.9495    3.0343
    2.9560    3.0428
    2.9602    3.0483
    2.9635    3.0508
    2.9782    3.0675
    2.9878    3.0785
    2.9956    3.0872
    3.0003    3.0933
    3.0009    3.0938
    3.0014    3.0944
    3.0019    3.0945
    3.0025    3.0948
    3.0030    3.0955
    3.0035    3.0955
    3.0041    3.0961
    3.0046    3.0964
    3.0051    3.0965
    3.0057    3.0980
    3.0062    3.0993
    3.0068    3.1016
    3.0073    3.1018
    3.0079    3.1025
    3.0084    3.1025
    3.0090    3.1027
    3.0095    3.1040
    3.0101    3.1053
    3.0106    3.1065
    3.0112    3.1089
    3.0117    3.1090
    3.0123    3.1093
    3.0128    3.1101
    3.0133    3.1116
    3.0139    3.1116
    3.0145    3.1126
    3.0150    3.1129
    3.0156    3.1134
    3.0161    3.1136
    3.0167    3.1141
    3.0173    3.1147
    3.0178    3.1154
    3.0184    3.1168
    3.0190    3.1169
    3.0195    3.1169
    3.0201    3.1169
    3.0206    3.1172
    3.0212    3.1183
    3.0218    3.1186
    3.0223    3.1191
    3.0229    3.1202
    3.0235    3.1204
    3.0241    3.1208
    3.0246    3.1236
    3.0252    3.1239
    3.0258    3.1242
    3.0264    3.1260
    3.0269    3.1262
    3.0275    3.1275
    3.0281    3.1282
    3.0287    3.1288
    3.0292    3.1291
    3.0298    3.1300
    3.0304    3.1304
    3.0310    3.1305
    3.0316    3.1305
    3.0322    3.1316
    3.0328    3.1319
    3.0334    3.1358
    3.0339    3.1366
    3.0345    3.1366
    3.0351    3.1371
    3.0357    3.1383
    3.0363    3.1389
    3.0369    3.1398
    3.0375    3.1400
    3.0381    3.1405
    3.0387    3.1414
    3.0393    3.1417
    3.0399    3.1418
    3.0405    3.1420
    3.0411    3.1421
    3.0417    3.1426
    3.0423    3.1444
    3.0429    3.1460
    3.0435    3.1466
    3.0441    3.1493
    3.0447    3.1498
    3.0453    3.1504
    3.0459    3.1512
    3.0466    3.1516
    3.0472    3.1545
    3.0478    3.1547
    3.0484    3.1548
    3.0490    3.1549
    3.0496    3.1554
    3.0503    3.1557
    3.0509    3.1572
    3.0515    3.1577
    3.0521    3.1581
    3.0527    3.1589
    3.0534    3.1592
    3.0540    3.1597
    3.0546    3.1599
    3.0552    3.1602
    3.0559    3.1613
    3.0565    3.1617
    3.0572    3.1626
    3.0578    3.1635
    3.0584    3.1635
    3.0590    3.1637
    3.0597    3.1655
    3.0603    3.1656
    3.0610    3.1656
    3.0616    3.1665
    3.0622    3.1670
    3.0629    3.1678
    3.0635    3.1681
    3.0642    3.1740
    3.0648    3.1754
    3.0655    3.1757
    3.0661    3.1758
    3.0668    3.1769
    3.0674    3.1770
    3.0681    3.1774
    3.0687    3.1777
    3.0694    3.1787
    3.0701    3.1791
    3.0707    3.1795
    3.0714    3.1805
    3.0720    3.1825
    3.0727    3.1832
    3.0734    3.1841
    3.0740    3.1853
    3.0747    3.1883
    3.0754    3.1890
    3.0760    3.1892
    3.0767    3.1896
    3.0774    3.1900
    3.0781    3.1915
    3.0787    3.1919
    3.0794    3.1920
    3.0801    3.1920
    3.0808    3.1938
    3.0814    3.1940
    3.0821    3.1950
    3.0828    3.1955
    3.0835    3.1956
    3.0842    3.1969
    3.0849    3.1975
    3.0856    3.1977
    3.0863    3.1982
    3.0870    3.1996
    3.0876    3.2013
    3.0883    3.2021
    3.0890    3.2026
    3.0897    3.2055
    3.0904    3.2082
    3.0911    3.2086
    3.0918    3.2103
    3.0925    3.2112
    3.0932    3.2119
    3.0940    3.2127
    3.0947    3.2150
    3.0954    3.2153
    3.0961    3.2158
    3.0968    3.2159
    3.0975    3.2173
    3.0982    3.2190
    3.0989    3.2191
    3.0997    3.2235
    3.1004    3.2237
    3.1011    3.2239
    3.1019    3.2239
    3.1026    3.2247
    3.1033    3.2261
    3.1041    3.2269
    3.1048    3.2279
    3.1055    3.2294
    3.1063    3.2298
    3.1070    3.2328
    3.1077    3.2357
    3.1085    3.2372
    3.1092    3.2373
    3.1100    3.2399
    3.1107    3.2414
    3.1115    3.2418
    3.1122    3.2426
    3.1130    3.2452
    3.1137    3.2468
    3.1145    3.2479
    3.1152    3.2498
    3.1160    3.2503
    3.1167    3.2508
    3.1175    3.2508
    3.1183    3.2512
    3.1191    3.2513
    3.1198    3.2536
    3.1206    3.2539
    3.1214    3.2544
    3.1221    3.2550
    3.1229    3.2554
    3.1237    3.2563
    3.1244    3.2573
    3.1252    3.2573
    3.1260    3.2584
    3.1268    3.2602
    3.1276    3.2603
    3.1284    3.2610
    3.1292    3.2647
    3.1300    3.2669
    3.1307    3.2669
    3.1315    3.2676
    3.1323    3.2679
    3.1331    3.2687
    3.1340    3.2697
    3.1348    3.2697
    3.1356    3.2705
    3.1364    3.2708
    3.1372    3.2711
    3.1380    3.2718
    3.1388    3.2743
    3.1396    3.2746
    3.1404    3.2749
    3.1413    3.2764
    3.1421    3.2765
    3.1429    3.2771
    3.1437    3.2778
    3.1446    3.2797
    3.1454    3.2798
    3.1462    3.2799
    3.1470    3.2806
    3.1479    3.2826
    3.1487    3.2833
    3.1496    3.2834
    3.1504    3.2845
    3.1513    3.2851
    3.1521    3.2858
    3.1530    3.2865
    3.1538    3.2871
    3.1547    3.2886
    3.1555    3.2894
    3.1564    3.2905
    3.1573    3.2908
    3.1581    3.2910
    3.1590    3.2916
    3.1599    3.2929
    3.1607    3.2968
    3.1616    3.2971
    3.1625    3.2985
    3.1634    3.2998
    3.1642    3.3012
    3.1651    3.3028
    3.1660    3.3030
    3.1669    3.3065
    3.1678    3.3068
    3.1687    3.3072
    3.1696    3.3076
    3.1705    3.3104
    3.1714    3.3110
    3.1723    3.3120
    3.1732    3.3127
    3.1741    3.3149
    3.1750    3.3193
    3.1760    3.3198
    3.1769    3.3215
    3.1778    3.3216
    3.1787    3.3256
    3.1796    3.3258
    3.1806    3.3265
    3.1815    3.3269
    3.1825    3.3274
    3.1834    3.3291
    3.1843    3.3294
    3.1852    3.3332
    3.1862    3.3343
    3.1872    3.3361
    3.1881    3.3369
    3.1891    3.3380
    3.1900    3.3385
    3.1910    3.3399
    3.1919    3.3411
    3.1929    3.3443
    3.1939    3.3462
    3.1948    3.3464
    3.1958    3.3467
    3.1968    3.3471
    3.1978    3.3498
    3.1988    3.3499
    3.1998    3.3506
    3.2007    3.3515
    3.2017    3.3542
    3.2027    3.3557
    3.2037    3.3562
    3.2047    3.3626
    3.2058    3.3642
    3.2068    3.3665
    3.2078    3.3676
    3.2088    3.3681
    3.2098    3.3693
    3.2108    3.3717
    3.2118    3.3728
    3.2129    3.3759
    3.2139    3.3790
    3.2149    3.3802
    3.2160    3.3832
    3.2170    3.3845
    3.2180    3.3848
    3.2191    3.3862
    3.2202    3.3891
    3.2212    3.3904
    3.2223    3.3921
    3.2233    3.3932
    3.2244    3.3933
    3.2254    3.3942
    3.2265    3.3944
    3.2276    3.3953
    3.2287    3.3972
    3.2298    3.3991
    3.2309    3.3993
    3.2320    3.3993
    3.2331    3.4025
    3.2342    3.4026
    3.2353    3.4031
    3.2364    3.4033
    3.2375    3.4041
    3.2386    3.4057
    3.2397    3.4065
    3.2409    3.4089
    3.2420    3.4100
    3.2431    3.4100
    3.2443    3.4143
    3.2454    3.4172
    3.2466    3.4173
    3.2477    3.4193
    3.2489    3.4197
    3.2500    3.4217
    3.2512    3.4286
    3.2524    3.4311
    3.2536    3.4315
    3.2547    3.4333
    3.2559    3.4337
    3.2571    3.4339
    3.2583    3.4367
    3.2595    3.4367
    3.2607    3.4369
    3.2619    3.4371
    3.2631    3.4420
    3.2643    3.4459
    3.2655    3.4460
    3.2668    3.4463
    3.2680    3.4474
    3.2692    3.4502
    3.2705    3.4505
    3.2717    3.4511
    3.2730    3.4532
    3.2742    3.4532
    3.2755    3.4533
    3.2768    3.4539
    3.2780    3.4546
    3.2793    3.4559
    3.2806    3.4560
    3.2819    3.4568
    3.2832    3.4575
    3.2845    3.4582
    3.2858    3.4615
    3.2871    3.4644
    3.2884    3.4661
    3.2897    3.4670
    3.2910    3.4673
    3.2924    3.4707
    3.2937    3.4708
    3.2950    3.4715
    3.2964    3.4717
    3.2978    3.4733
    3.2991    3.4734
    3.3005    3.4752
    3.3019    3.4752
    3.3032    3.4758
    3.3046    3.4770
    3.3060    3.4823
    3.3074    3.4831
    3.3088    3.4836
    3.3102    3.4883
    3.3116    3.4886
    3.3131    3.4896
    3.3145    3.4917
    3.3159    3.4963
    3.3174    3.4972
    3.3188    3.4985
    3.3203    3.4985
    3.3218    3.4991
    3.3233    3.4998
    3.3248    3.5007
    3.3263    3.5030
    3.3278    3.5038
    3.3293    3.5051
    3.3308    3.5071
    3.3323    3.5084
    3.3339    3.5085
    3.3354    3.5144
    3.3370    3.5177
    3.3385    3.5186
    3.3401    3.5208
    3.3416    3.5210
    3.3432    3.5243
    3.3448    3.5262
    3.3464    3.5281
    3.3480    3.5307
    3.3496    3.5311
    3.3512    3.5336
    3.3529    3.5339
    3.3545    3.5341
    3.3562    3.5381
    3.3578    3.5381
    3.3595    3.5398
    3.3611    3.5413
    3.3628    3.5434
    3.3645    3.5445
    3.3662    3.5461
    3.3679    3.5482
    3.3697    3.5490
    3.3714    3.5492
    3.3731    3.5519
    3.3749    3.5541
    3.3767    3.5568
    3.3784    3.5606
    3.3802    3.5625
    3.3820    3.5654
    3.3838    3.5655
    3.3857    3.5658
    3.3875    3.5720
    3.3893    3.5732
    3.3912    3.5764
    3.3931    3.5765
    3.3949    3.5793
    3.3968    3.5851
    3.3987    3.5860
    3.4006    3.5898
    3.4026    3.5932
    3.4045    3.5936
    3.4064    3.6012
    3.4084    3.6021
    3.4104    3.6116
    3.4124    3.6142
    3.4144    3.6180
    3.4164    3.6184
    3.4185    3.6186
    3.4205    3.6240
    3.4226    3.6241
    3.4246    3.6256
    3.4267    3.6277
    3.4288    3.6288
    3.4309    3.6292
    3.4330    3.6366
    3.4351    3.6434
    3.4373    3.6442
    3.4395    3.6452
    3.4417    3.6497
    3.4439    3.6520
    3.4461    3.6534
    3.4484    3.6562
    3.4507    3.6578
    3.4529    3.6586
    3.4552    3.6592
    3.4575    3.6615
    3.4599    3.6616
    3.4622    3.6623
    3.4646    3.6632
    3.4670    3.6640
    3.4694    3.6666
    3.4719    3.6716
    3.4743    3.6751
    3.4768    3.6756
    3.4793    3.6772
    3.4818    3.6796
    3.4844    3.6812
    3.4870    3.6845
    3.4896    3.6877
    3.4922    3.6964
    3.4948    3.7058
    3.4975    3.7213
    3.5002    3.7239
    3.5029    3.7263
    3.5056    3.7265
    3.5084    3.7266
    3.5112    3.7270
    3.5140    3.7316
    3.5169    3.7351
    3.5197    3.7442
    3.5227    3.7449
    3.5256    3.7493
    3.5286    3.7578
    3.5316    3.7602
    3.5347    3.7643
    3.5378    3.7783
    3.5410    3.7804
    3.5441    3.7897
    3.5473    3.7908
    3.5505    3.7912
    3.5537    3.7914
    3.5570    3.7928
    3.5603    3.7940
    3.5637    3.7983
    3.5671    3.8001
    3.5706    3.8032
    3.5741    3.8046
    3.5776    3.8139
    3.5812    3.8140
    3.5848    3.8145
    3.5885    3.8147
    3.5922    3.8332
    3.5960    3.8348
    3.5999    3.8415
    3.6038    3.8421
    3.6077    3.8544
    3.6117    3.8600
    3.6157    3.8683
    3.6199    3.8785
    3.6241    3.8789
    3.6283    3.8867
    3.6326    3.8894
    3.6368    3.9010
    3.6412    3.9024
    3.6457    3.9045
    3.6503    3.9056
    3.6549    3.9089
    3.6597    3.9092
    3.6645    3.9238
    3.6694    3.9268
    3.6744    3.9312
    3.6795    3.9349
    3.6847    3.9514
    3.6900    3.9626
    3.6953    3.9686
    3.7009    3.9900
    3.7065    3.9912
    3.7122    3.9958
    3.7181    4.0075
    3.7241    4.0206
    3.7302    4.0325
    3.7367    4.0543
    3.7433    4.0554
    3.7499    4.0558
    3.7567    4.0700
    3.7637    4.0832
    3.7708    4.0937
    3.7782    4.0956
    3.7858    4.0987
    3.7936    4.1072
    3.8016    4.1184
    3.8099    4.1211
    3.8184    4.1359
    3.8273    4.1366
    3.8366    4.1707
    3.8461    4.1762
    3.8560    4.2106
    3.8663    4.2256
    3.8772    4.2452
    3.8885    4.2472
    3.9004    4.2590
    3.9128    4.2823
    3.9261    4.2998
    3.9402    4.3121
    3.9556    4.3557
    3.9722    4.3576
    3.9903    4.3605
    4.0107    4.4355
    4.0313    4.4365
    4.0519    4.4575
    4.0728    4.4762
    4.0934    4.4899
    4.1140    4.5082
    4.1346    4.5378
    4.1553    4.6915
    4.1761    4.7382
    4.1967    4.7618
    4.2174    4.9150
    4.2380    5.0241
    4.2586    5.1215
    4.2792    5.4344
&
@ s1 color 1
@type xy
   -4.0   -4.0
    4.0    4.0
&
