@version 40102
@ title "Outliers on detector (horizontal rotation axis)"
@ subtitle "."
@    world xmin    -0.55
@    world xmax     0.55
@    world ymin    -0.55
@    world ymax     0.55
@with g0
@g0 on
@g0 label off
@    title size 1.2
@    view xmin 0.150000
@    view xmax 0.750000
@    view ymin 0.150000
@    view ymax 0.850000
@    xaxis  tick off
@    xaxis  label ""
@    xaxis  ticklabel off
@    yaxis  tick off
@    yaxis  label ""
@    yaxis  ticklabel off
@G0 ON
@  legend x1    0.277
@  legend y1   -0.509
@ s0 color 1
  -0.5533   0.0000
   0.5533   0.0000
&
@ s1 color 1
   0.0000  -0.5533
   0.0000   0.5533
&
@ s2 color 1
  0.5533  0.0000
  0.5522  0.0347
  0.5489  0.0693
  0.5435  0.1037
  0.5359  0.1376
  0.5262  0.1710
  0.5144  0.2037
  0.5006  0.2356
  0.4848  0.2665
  0.4672  0.2965
  0.4476  0.3252
  0.4263  0.3527
  0.4033  0.3788
  0.3788  0.4033
  0.3527  0.4263
  0.3252  0.4476
  0.2965  0.4672
  0.2665  0.4848
  0.2356  0.5006
  0.2037  0.5144
  0.1710  0.5262
  0.1376  0.5359
  0.1037  0.5435
  0.0693  0.5489
  0.0347  0.5522
 -0.0000  0.5533
 -0.0347  0.5522
 -0.0693  0.5489
 -0.1037  0.5435
 -0.1376  0.5359
 -0.1710  0.5262
 -0.2037  0.5144
 -0.2356  0.5006
 -0.2665  0.4848
 -0.2965  0.4672
 -0.3252  0.4476
 -0.3527  0.4263
 -0.3788  0.4033
 -0.4033  0.3788
 -0.4263  0.3527
 -0.4476  0.3252
 -0.4672  0.2965
 -0.4848  0.2665
 -0.5006  0.2356
 -0.5144  0.2037
 -0.5262  0.1710
 -0.5359  0.1376
 -0.5435  0.1037
 -0.5489  0.0693
 -0.5522  0.0347
 -0.5533 -0.0000
 -0.5522 -0.0347
 -0.5489 -0.0693
 -0.5435 -0.1037
 -0.5359 -0.1376
 -0.5262 -0.1710
 -0.5144 -0.2037
 -0.5006 -0.2356
 -0.4848 -0.2665
 -0.4672 -0.2965
 -0.4476 -0.3252
 -0.4263 -0.3527
 -0.4033 -0.3788
 -0.3788 -0.4033
 -0.3527 -0.4263
 -0.3252 -0.4476
 -0.2965 -0.4672
 -0.2665 -0.4848
 -0.2356 -0.5006
 -0.2037 -0.5144
 -0.1710 -0.5262
 -0.1376 -0.5359
 -0.1037 -0.5435
 -0.0693 -0.5489
 -0.0347 -0.5522
  0.0000 -0.5533
  0.0347 -0.5522
  0.0693 -0.5489
  0.1037 -0.5435
  0.1376 -0.5359
  0.1710 -0.5262
  0.2037 -0.5144
  0.2356 -0.5006
  0.2665 -0.4848
  0.2965 -0.4672
  0.3252 -0.4476
  0.3527 -0.4263
  0.3788 -0.4033
  0.4033 -0.3788
  0.4263 -0.3527
  0.4476 -0.3252
  0.4672 -0.2965
  0.4849 -0.2665
  0.5006 -0.2356
  0.5144 -0.2037
  0.5262 -0.1710
  0.5359 -0.1376
  0.5435 -0.1037
  0.5489 -0.0693
  0.5522 -0.0347
  0.5533  0.0000
&
@ s3 color 2
  0.2629  0.0000
  0.2624  0.0165
  0.2609  0.0330
  0.2583  0.0493
  0.2547  0.0654
  0.2501  0.0813
  0.2445  0.0968
  0.2379  0.1120
  0.2304  0.1267
  0.2220  0.1409
  0.2127  0.1546
  0.2026  0.1676
  0.1917  0.1800
  0.1800  0.1917
  0.1676  0.2026
  0.1546  0.2127
  0.1409  0.2220
  0.1267  0.2304
  0.1120  0.2379
  0.0968  0.2445
  0.0813  0.2501
  0.0654  0.2547
  0.0493  0.2583
  0.0330  0.2609
  0.0165  0.2624
 -0.0000  0.2629
 -0.0165  0.2624
 -0.0330  0.2609
 -0.0493  0.2583
 -0.0654  0.2547
 -0.0813  0.2501
 -0.0968  0.2445
 -0.1120  0.2379
 -0.1267  0.2304
 -0.1409  0.2220
 -0.1546  0.2127
 -0.1676  0.2026
 -0.1800  0.1917
 -0.1917  0.1800
 -0.2026  0.1676
 -0.2127  0.1546
 -0.2220  0.1409
 -0.2304  0.1267
 -0.2379  0.1120
 -0.2445  0.0968
 -0.2501  0.0813
 -0.2547  0.0654
 -0.2583  0.0493
 -0.2609  0.0330
 -0.2624  0.0165
 -0.2629 -0.0000
 -0.2624 -0.0165
 -0.2609 -0.0330
 -0.2583 -0.0493
 -0.2547 -0.0654
 -0.2501 -0.0813
 -0.2445 -0.0968
 -0.2379 -0.1120
 -0.2304 -0.1267
 -0.2220 -0.1409
 -0.2127 -0.1546
 -0.2026 -0.1676
 -0.1917 -0.1800
 -0.1800 -0.1917
 -0.1676 -0.2026
 -0.1546 -0.2127
 -0.1409 -0.2220
 -0.1267 -0.2304
 -0.1120 -0.2379
 -0.0968 -0.2445
 -0.0813 -0.2501
 -0.0654 -0.2547
 -0.0493 -0.2583
 -0.0330 -0.2609
 -0.0165 -0.2624
  0.0000 -0.2629
  0.0165 -0.2624
  0.0330 -0.2609
  0.0493 -0.2583
  0.0654 -0.2547
  0.0813 -0.2501
  0.0968 -0.2445
  0.1120 -0.2379
  0.1267 -0.2304
  0.1409 -0.2220
  0.1546 -0.2127
  0.1676 -0.2026
  0.1800 -0.1917
  0.1917 -0.1800
  0.2026 -0.1676
  0.2127 -0.1546
  0.2220 -0.1409
  0.2304 -0.1267
  0.2379 -0.1120
  0.2445 -0.0968
  0.2501 -0.0813
  0.2547 -0.0654
  0.2583 -0.0493
  0.2609 -0.0330
  0.2624 -0.0165
  0.2629  0.0000
&
@ s4 color 2
  0.2803  0.0000
  0.2798  0.0176
  0.2781  0.0351
  0.2754  0.0525
  0.2715  0.0697
  0.2666  0.0866
  0.2607  0.1032
  0.2537  0.1194
  0.2457  0.1351
  0.2367  0.1502
  0.2268  0.1648
  0.2160  0.1787
  0.2044  0.1919
  0.1919  0.2044
  0.1787  0.2160
  0.1648  0.2268
  0.1502  0.2367
  0.1351  0.2457
  0.1194  0.2537
  0.1032  0.2607
  0.0866  0.2666
  0.0697  0.2715
  0.0525  0.2754
  0.0351  0.2781
  0.0176  0.2798
 -0.0000  0.2803
 -0.0176  0.2798
 -0.0351  0.2781
 -0.0525  0.2754
 -0.0697  0.2715
 -0.0866  0.2666
 -0.1032  0.2607
 -0.1194  0.2537
 -0.1351  0.2457
 -0.1502  0.2367
 -0.1648  0.2268
 -0.1787  0.2160
 -0.1919  0.2044
 -0.2044  0.1919
 -0.2160  0.1787
 -0.2268  0.1648
 -0.2367  0.1502
 -0.2457  0.1351
 -0.2537  0.1194
 -0.2607  0.1032
 -0.2666  0.0866
 -0.2715  0.0697
 -0.2754  0.0525
 -0.2781  0.0351
 -0.2798  0.0176
 -0.2803 -0.0000
 -0.2798 -0.0176
 -0.2781 -0.0351
 -0.2754 -0.0525
 -0.2715 -0.0697
 -0.2666 -0.0866
 -0.2607 -0.1032
 -0.2537 -0.1194
 -0.2457 -0.1351
 -0.2367 -0.1502
 -0.2268 -0.1648
 -0.2160 -0.1787
 -0.2044 -0.1919
 -0.1919 -0.2044
 -0.1787 -0.2160
 -0.1648 -0.2268
 -0.1502 -0.2367
 -0.1351 -0.2457
 -0.1194 -0.2537
 -0.1032 -0.2607
 -0.0866 -0.2666
 -0.0697 -0.2715
 -0.0525 -0.2754
 -0.0351 -0.2781
 -0.0176 -0.2798
  0.0000 -0.2803
  0.0176 -0.2798
  0.0351 -0.2781
  0.0525 -0.2754
  0.0697 -0.2715
  0.0866 -0.2666
  0.1032 -0.2607
  0.1194 -0.2537
  0.1351 -0.2457
  0.1502 -0.2367
  0.1648 -0.2268
  0.1787 -0.2160
  0.1919 -0.2044
  0.2044 -0.1919
  0.2160 -0.1787
  0.2268 -0.1648
  0.2367 -0.1502
  0.2457 -0.1351
  0.2537 -0.1194
  0.2607 -0.1032
  0.2666 -0.0866
  0.2715 -0.0697
  0.2754 -0.0525
  0.2781 -0.0351
  0.2798 -0.0176
  0.2803  0.0000
&
@ s5 color 2
  0.3003  0.0000
  0.2997  0.0189
  0.2979  0.0376
  0.2950  0.0563
  0.2909  0.0747
  0.2856  0.0928
  0.2792  0.1105
  0.2717  0.1279
  0.2632  0.1447
  0.2536  0.1609
  0.2429  0.1765
  0.2314  0.1914
  0.2189  0.2056
  0.2056  0.2189
  0.1914  0.2314
  0.1765  0.2429
  0.1609  0.2536
  0.1447  0.2632
  0.1279  0.2717
  0.1105  0.2792
  0.0928  0.2856
  0.0747  0.2909
  0.0563  0.2950
  0.0376  0.2979
  0.0189  0.2997
 -0.0000  0.3003
 -0.0189  0.2997
 -0.0376  0.2979
 -0.0563  0.2950
 -0.0747  0.2909
 -0.0928  0.2856
 -0.1105  0.2792
 -0.1279  0.2717
 -0.1447  0.2632
 -0.1609  0.2536
 -0.1765  0.2429
 -0.1914  0.2314
 -0.2056  0.2189
 -0.2189  0.2056
 -0.2314  0.1914
 -0.2429  0.1765
 -0.2536  0.1609
 -0.2632  0.1447
 -0.2717  0.1279
 -0.2792  0.1105
 -0.2856  0.0928
 -0.2909  0.0747
 -0.2950  0.0563
 -0.2979  0.0376
 -0.2997  0.0189
 -0.3003 -0.0000
 -0.2997 -0.0189
 -0.2979 -0.0376
 -0.2950 -0.0563
 -0.2909 -0.0747
 -0.2856 -0.0928
 -0.2792 -0.1105
 -0.2717 -0.1279
 -0.2632 -0.1447
 -0.2536 -0.1609
 -0.2429 -0.1765
 -0.2314 -0.1914
 -0.2189 -0.2056
 -0.2056 -0.2189
 -0.1914 -0.2314
 -0.1765 -0.2429
 -0.1609 -0.2536
 -0.1447 -0.2632
 -0.1279 -0.2717
 -0.1105 -0.2792
 -0.0928 -0.2856
 -0.0747 -0.2909
 -0.0563 -0.2950
 -0.0376 -0.2979
 -0.0189 -0.2997
  0.0000 -0.3003
  0.0189 -0.2997
  0.0376 -0.2979
  0.0563 -0.2950
  0.0747 -0.2909
  0.0928 -0.2856
  0.1105 -0.2792
  0.1279 -0.2717
  0.1447 -0.2632
  0.1609 -0.2536
  0.1765 -0.2429
  0.1914 -0.2314
  0.2056 -0.2189
  0.2189 -0.2056
  0.2314 -0.1914
  0.2429 -0.1765
  0.2536 -0.1609
  0.2632 -0.1447
  0.2717 -0.1279
  0.2792 -0.1105
  0.2856 -0.0928
  0.2909 -0.0747
  0.2950 -0.0563
  0.2979 -0.0376
  0.2997 -0.0189
  0.3003  0.0000
&
@    s6 type xy
@    s6 symbol 2
@    s6 symbol size 0.2
@    s6 symbol fill 1
@    s6 symbol color 1
@    s6 linestyle 0
@TYPE xy
@  legend string   3 "Ice rings"
@  legend loctype world
@  legend color 2
@  legend font 4
@  legend char size 0.8
@  legend on

    0.0573    0.4771
    0.0694    0.0804
    0.3405    0.3153
    0.0168    0.4821
    0.2327   -0.4774
   -0.2516   -0.1531
    0.1336    0.5129
    0.2290   -0.4795
    0.2244   -0.4703
    0.2254   -0.4817
    0.4004    0.2396
    0.0687    0.2555
    0.0822   -0.3859
   -0.2790   -0.1341
    0.3372    0.1692
   -0.0102    0.5288
    0.2981    0.1386
   -0.3354   -0.1610
   -0.3758   -0.3850
   -0.0004   -0.2800
    0.1515   -0.5081
   -0.3550   -0.3217
    0.3055    0.1061
    0.2391    0.4178
   -0.1827   -0.2487
   -0.3637   -0.3864
    0.0420   -0.3875
   -0.1190    0.5162
   -0.1315    0.3378
    0.2093    0.2167
   -0.1583    0.4537
    0.2243    0.2798
    0.2610    0.0630
    0.4633   -0.2628
   -0.4998   -0.2184
   -0.1160   -0.2344
    0.2643    0.2983
    0.2938   -0.0664
    0.3666   -0.2456
    0.2961    0.3780
   -0.1366   -0.2246
    0.2925    0.3817
   -0.2025    0.1949
    0.2593    0.0637
   -0.0851   -0.3881
   -0.0084   -0.4814
    0.3970    0.3520
   -0.2424   -0.0873
    0.3574    0.1679
   -0.2290    0.3239
   -0.2120   -0.4503
    0.2578   -0.0362
    0.4797   -0.0537
   -0.2899    0.3057
    0.4767    0.2361
   -0.1228   -0.4661
   -0.1129   -0.4686
   -0.0793   -0.5129
   -0.0795   -0.5188
   -0.0797   -0.5247
   -0.2094    0.4848
   -0.0933   -0.5182
    0.0660   -0.4867
   -0.0921   -0.5220
    0.2714   -0.0649
    0.4012   -0.2255
   -0.0959   -0.5244
   -0.2280   -0.3233
    0.0376    0.3320
   -0.0609    0.3289
   -0.3787    0.3718
   -0.2688   -0.2366
    0.0977    0.4056
   -0.2179    0.3155
   -0.3885    0.0491
   -0.3824   -0.1015
   -0.3913   -0.0794
   -0.1994    0.3629
   -0.3254   -0.3530
   -0.4212    0.0230
   -0.3242   -0.4208
   -0.3285   -0.4234
   -0.3777   -0.3161
   -0.4337   -0.0957
   -0.4581   -0.0890
    0.0194    0.4985
   -0.4625   -0.2600
   -0.5101    0.0452
   -0.5037   -0.0997
    0.0875   -0.4725
   -0.4147    0.2394
   -0.3862    0.2856
   -0.3391    0.3403
    0.2970   -0.3589
    0.2499   -0.4118
   -0.1177    0.5152
   -0.2250    0.4692
&
