 The ROGUES file contains all rejected reflections (flag "*", "@" for I+- rejects, "#" for Emax rejects)
    TotFrc = total fraction, fulls (f) or partials (p)
    Flag I+ or I- for Bijvoet classes
    DelI/sd = (Ihl - Mn(I)others)/sqrt[sd(Ihl)**2 + sd(Mn(I))**2]
   h   k   l     h   k   l  Batch      I  sigI    E  TotFrc Flag Scale   LP   DelI/sd d(A)   Xdet   Ydet    Phi
   (measured)     (unique)

   0  12  90     0  12  90    305   1754   961  0.67  0.98p  I+  0.515  0.433   -1.0  2.25  560.1 1665.1   91.2
   0 -12 -90     0  12  90    391   9632  1036  1.57  0.99p *I-  0.532  0.433    6.1  2.25 2513.1 1433.1  117.0
   0 -12  90     0  12  90    338   2945   807  0.87  1.01p  I+  0.552  0.433    0.7  2.25  561.4 1422.9  101.2
   0  12 -90     0  12  90    424   2736  1021  0.84  0.99p  I-  0.586  0.433    0.2  2.25 2511.9 1675.8  127.1
                    Weighted mean   2528

   2  17  10     2  17  10    206   3911   837  0.33  1.00p  I+  0.858  0.067   -1.2  9.46 1398.4 1717.5   61.7
  -2 -17 -10     2  17  10    238   5125   769  0.38  1.00p  I-  0.708  0.067    0.7  9.46 1672.3 1380.1   71.3
   2 -17 -10     2  17  10    203  13074   844  0.61  1.03p *I+  0.865  0.080    8.6  9.46 1700.0 1407.0   60.8
  -2  17  10     2  17  10    177   5060   883  0.38  0.98p  I-  0.965  0.080    0.5  9.46 1370.9 1690.6   52.8
                    Weighted mean   4712

   2  71  38     2  71  38    137   2120  1262  0.74  0.95p  I+  1.241  0.302    0.3  2.32  924.0 2274.9   40.8
  -2 -71 -38     2  71  38    262   1537   755  0.63  0.98p  I-  0.616  0.303   -0.5  2.32 2148.8  823.8   78.6
   2 -71 -38     2  71  38    252   9931   869  1.59  1.02p *I+  0.700  0.317    7.8  2.32 2181.9  852.9   75.4
  -2  71  38     2  71  38    132   2244  1311  0.76  1.00p  I-  1.249  0.316    0.4  2.32  890.6 2245.4   39.5
                    Weighted mean   1799

   3   6  91     3   6  91    319   2479   962  0.80  0.99p  I+  0.538  0.436   -0.1  2.24  552.3 1626.7   95.5
  -3  -6 -91     3   6  91    405   2733   752  0.84  0.97p  I-  0.538  0.436    0.3  2.24 2521.0 1471.5  121.3
  -3  -6  91     3   6  91    324   3791   987  0.98  1.02p  I+  0.544  0.435    1.3  2.24  553.3 1461.0   96.9
   3   6 -91     3   6  91    410   2180   973  0.75  1.02p  I-  0.548  0.435   -0.4  2.24 2520.1 1637.5  122.8
   3  -6 -91     3   6  91    393  11988  1016  1.75  1.01p *I+  0.533  0.436    8.8  2.24 2523.3 1516.1  117.8
  -3   6  91     3   6  91    307   2547   919  0.81  0.95p  I-  0.517  0.436   -0.0  2.24  549.9 1582.1   92.0
  -3   6 -91     3   6  91    421   1708  1012  0.66  1.00p  I+  0.575  0.436   -0.9  2.24 2523.1 1592.9  126.3
   3  -6  91     3   6  91    335   2377   778  0.78  1.02p  I-  0.551  0.436   -0.2  2.24  550.2 1505.6  100.5
                    Weighted mean   2552

   3  48  83     3  48  83    248    644  1592  0.54  0.95p  I+  0.727  0.436   -0.5  2.07  578.8 2061.7   74.3
  -3 -48 -83     3  48  83    353   1338  1494  0.78  1.02p  I-  0.564  0.436   -0.0  2.07 2494.6 1036.5  105.9
  -3 -48  83     3  48  83    375   2666  1664  1.10  1.02p  I+  0.539  0.435    0.8  2.07  583.9 1027.8  112.4
   3 -48 -83     3  48  83    341    866  1480  0.63  1.00p  I+  0.564  0.443   -0.4  2.07 2517.7 1082.0  102.1
  -3  48  83     3  48  83    238   1653  1641  0.87  0.99p  I-  0.773  0.443    0.2  2.07  556.0 2016.2   71.3
   3 -48  83     3  48  83    388  68594  1655  5.59  1.03p *I-  0.529  0.442   37.4  2.07  560.2 1073.3  116.2
                    Weighted mean   1391

   3  52   2     3  52   2     26 126338  6602  2.29  1.00p  I+  1.266  0.156    1.7  3.50 1221.9 2063.4    7.6
  -3 -52  -2     3  52   2    129 120386  6530  2.24  1.00p  I-  1.197  0.156    0.7  3.50 1849.5 1033.8   38.6
  -3 -52   2     3  52   2    105 126874  6595  2.30  0.99p  I+  1.266  0.156    1.8  3.50 1849.1 1033.6   31.3
   3  52  -2     3  52   2      2 158165  6472  2.56  1.00p *I-  1.140  0.156    6.1  3.50 1222.1 2063.4    0.3
   3 -52  -2     3  52   2    119 116536  6575  2.20  1.00p  I+  1.226  0.184    0.1  3.50 1909.5 1075.7   35.6
  -3  52   2     3  52   2     32 103754  6588  2.08  1.00p  I-  1.245  0.184   -2.0  3.50 1161.7 2021.5    9.4
  -3  52  -2     3  52   2     11 106212  6531  2.10  1.01p  I+  1.199  0.184   -1.6  3.50 1162.0 2021.6    3.2
   3 -52   2     3  52   2     98 111036  6607  2.15  0.99p  I-  1.259  0.184   -0.8  3.50 1909.2 1075.6   29.3
                    Weighted mean 115859

   4  24  95     4  24  95    292   2512  1003  1.07  0.99p  I+  0.529  0.462   -0.1  2.07  486.8 1820.8   87.5
  -4 -24 -95     4  24  95    388  16428  1120  2.74  0.98p *I-  0.539  0.462   11.6  2.07 2586.7 1277.3  116.3
  -4 -24  95     4  24  95    340   2722   850  1.11  0.99p  I+  0.561  0.461    0.1  2.07  489.9 1266.5  101.9
   4  24 -95     4  24  95    437   2156  1041  0.99  0.99p  I-  0.681  0.461   -0.5  2.07 2583.5 1833.0  130.8
   4 -24 -95     4  24  95    373   3301  1237  1.23  1.00p  I+  0.537  0.466    0.6  2.07 2600.4 1337.9  111.8
  -4  24  95     4  24  95    278   2128  1103  0.99  0.98p  I-  0.546  0.465   -0.5  2.07  473.1 1760.4   83.3
   4 -24  95     4  24  95    355   2943   865  1.16  1.03p  I-  0.547  0.465    0.4  2.07  475.3 1327.1  106.5
                    Weighted mean   2633

   4  48  83     4  48  83    250    -86   930  0.00  1.15f  I+  0.718  0.435   -1.8  2.07  582.4 2069.3   74.9
   4 -48 -83     4  48  83    339   1475   878  0.82  1.01f  I+  0.563  0.444    0.1  2.07 2521.9 1089.5  101.5
  -4 -48 -83     4  48  83    356   2896   988  1.15  1.03p  I-  0.563  0.435    1.7  2.07 2491.2 1028.9  106.5
  -4 -48  83     4  48  83    373   1773  1366  0.90  1.00p  I+  0.541  0.434    0.3  2.07  587.2 1020.2  111.8
  -4  48  83     4  48  83    237   1128  1249  0.72  1.09p  I-  0.775  0.444   -0.2  2.07  551.9 2008.6   70.8
   4 -48  83     4  48  83    390  18335  1222  2.89  0.99p *I-  0.528  0.443   13.0  2.07  555.9 1080.9  116.8
                    Weighted mean   1386

   5  48  81     5  48  81    251   2662   920  1.10  1.10f  I+  0.712  0.425    0.4  2.10  609.5 2074.7   75.1
  -5  48  81     5  48  81    234   1076  1098  0.70  1.04f  I-  0.779  0.437   -1.3  2.10  570.8 1999.3   70.0
  -5 -48 -81     5  48  81    356   3284   996  1.22  1.03p  I-  0.563  0.425    1.1  2.10 2463.9 1023.4  106.6
  -5 -48  81     5  48  81    373   3032  1365  1.18  1.00p  I+  0.542  0.423    0.6  2.10  614.3 1015.0  111.7
   5 -48 -81     5  48  81    335   1447  1076  0.81  0.97p  I+  0.559  0.437   -0.9  2.10 2502.8 1098.8  100.2
   5 -48  81     5  48  81    394  14548  1140  2.58  1.00p *I-  0.526  0.436    9.9  2.10  574.7 1090.4  118.1
                    Weighted mean   2314

   5 -48 -83     5  48  83    337   1496  1688  0.83  1.04f  I+  0.562  0.446    0.1  2.07 2526.2 1097.0  101.0
  -5  48  83     5  48  83    235   1740  1870  0.89  1.07f  I-  0.778  0.445    0.2  2.07  547.6 2001.1   70.3
   5  48  83     5  48  83    252   2908  1945  1.15  1.03p  I+  0.709  0.434    0.9  2.07  585.7 2076.9   75.4
  -5 -48 -83     5  48  83    358   1377  1754  0.79  1.04p  I-  0.563  0.434    0.0  2.07 2487.9 1021.1  107.2
  -5 -48  83     5  48  83    371   -833  1982  0.00  0.98p  I+  0.544  0.433   -1.2  2.07  590.7 1012.5  111.1
   5 -48  83     5  48  83    392 113705  2050  7.20  1.01p *I-  0.528  0.444   50.9  2.07  551.4 1088.4  117.3
                    Weighted mean   1369

   6  77  19     6  77  19     64   6223  1341  1.26  0.98p  I+  1.378  0.251    0.7  2.31 1042.5 2366.6   19.2
  -6 -77 -19     6  77  19    219   5959  1195  1.23  0.98p  I-  0.884  0.252    0.5  2.31 2030.2  731.9   65.6
  -6 -77  19     6  77  19     66  21641  1342  2.35  1.00p *I+  1.458  0.250   11.2  2.31 2026.3  729.1   19.7
   6 -77 -19     6  77  19    190   5661  1150  1.20  0.98p  I+  1.047  0.305    0.2  2.31 2153.2  820.1   57.0
  -6  77  19     6  77  19     64   5106  1287  1.14  0.98p  I-  1.362  0.305   -0.3  2.31  919.3 2277.8   19.1
   6 -77  19     6  77  19     66   3947  1319  1.00  1.00p  I-  1.433  0.304   -1.2  2.31 2150.3  817.5   19.6
                    Weighted mean   5411

   7  10  51     7  10  51    339   2863   736  0.24  0.98p  I+  0.537  0.248   -0.7  3.88 1012.7 1688.7  101.4
  -7 -10 -51     7  10  51    390   9698   767  0.44  1.00p *I-  0.518  0.248    7.7  3.88 2058.9 1409.0  116.7
  -7 -10  51     7  10  51    339   3297   728  0.26  0.99p  I+  0.536  0.248   -0.1  3.88 1014.2 1403.6  101.5
   7  10 -51     7  10  51    390   3164   773  0.25  1.00p  I-  0.521  0.248   -0.3  3.88 2057.3 1694.3  116.9
   7 -10 -51     7  10  51    341   3829   799  0.28  1.00p  I+  0.525  0.255    0.6  3.88 2075.5 1506.0  102.2
  -7  10 -51     7  10  51    437   3738   713  0.28  0.97p  I+  0.609  0.255    0.6  3.88 2075.0 1597.3   65.5
   7 -10  51     7  10  51    387   3287   759  0.26  1.04p  I-  0.508  0.255   -0.1  3.88  996.6 1500.5  116.1
                    Weighted mean   3359

   7  22  72     7  22  72    306   9977  1062  1.15  1.03p  I+  0.515  0.353   -0.2  2.68  772.2 1810.3   91.5
  -7 -22 -72     7  22  72    381   9717  1124  1.14  1.01p  I-  0.528  0.353   -0.5  2.68 2300.2 1287.3  114.2
  -7 -22  72     7  22  72    347  12183  1075  1.27  1.02p  I+  0.547  0.352    2.0  2.68  775.1 1279.6  104.0
   7  22 -72     7  22  72    423   9071  1146  1.10  1.05p  I-  0.575  0.352   -1.1  2.68 2297.3 1819.0  126.8
   7 -22 -72     7  22  72    347   9814  1145  1.14  0.98p  I+  0.535  0.363   -0.4  2.68 2327.3 1388.2  103.9
  -7  22  72     7  22  72    274  10229  1120  1.17  1.02p  I-  0.553  0.363    0.0  2.68  744.9 1709.8   81.9
   7 -22  72     7  22  72    382  18382  1132  1.56  1.01p *I-  0.515  0.362    6.7  2.68  746.6 1380.3  114.4
                    Weighted mean  10201

   8  54   0     8  54   0      2 150916  5969  2.50  1.00p *I+  1.148  0.138    8.1  3.34 1260.9 2119.5    0.3
  -8 -54   0     8  54   0    130 103972  6023  2.08  1.01p  I-  1.210  0.138    1.9  3.34 1810.6  977.4   38.7
   8 -54   0     8  54   0    106  91133  6118  1.95  0.99p  I+  1.265  0.214   -0.7  3.34 1972.4 1089.5   31.7
  -8  54   0     8  54   0     24  88802  6091  1.92  1.02p  I-  1.244  0.214   -1.2  3.34 1098.9 2007.6    7.0
                    Weighted mean  94717

   8 -65   0     8  65   0    116  30267  2950  2.01  1.01f  I+  1.300  0.253   -1.2  2.79 2050.0  972.7   34.6
  -8  65   0     8  65   0     14  35182  2891  2.16  1.06f  I-  1.232  0.253    1.2  2.79 1021.2 2124.2    4.1
  -8 -65   0     8  65   0    139  54591  2917  2.70  1.02p *I-  1.240  0.176    6.1  2.79 1882.3  858.3   41.6
                    Weighted mean  32774

   9   5  98     9   5  98    328   -184   702  0.00  1.03p  I+  0.556  0.469   -1.1  2.08  460.3 1662.9   98.1
  -9  -5 -98     9   5  98    421   1003   942  0.68  1.00p  I-  0.580  0.469    0.6  2.08 2613.5 1435.4  126.1
  -9  -5  98     9   5  98    308    449   864  0.45  0.92p  I+  0.521  0.468   -0.0  2.08  461.6 1423.9   92.1
   9   5 -98     9   5  98    401    883   974  0.63  1.01p  I-  0.544  0.468    0.4  2.08 2612.4 1674.9  120.2
   9  -5 -98     9   5  98    388   8271   987  1.94  0.99p *I+  0.536  0.470    7.5  2.08 2619.3 1572.0  116.3
  -9   5  98     9   5  98    295    121   890  0.23  1.02p  I-  0.520  0.470   -0.4  2.08  454.4 1526.9   88.4
  -9   5 -98     9   5  98    433    970   822  0.67  0.95p  I+  0.650  0.470    0.6  2.08 2619.4 1538.5  129.9
   9  -5  98     9   5  98    340    542   714  0.50  0.99p  I-  0.556  0.470    0.1  2.08  454.3 1560.1  102.0
                    Weighted mean    482

  -9 -57   0     9  57   0    135 122385  5171  2.25  0.97p *I-  1.211  0.143    7.7  3.16 1819.6  938.5   40.3
   9 -57   0     9  57   0    108  78919  5269  1.81  1.00p  I+  1.278  0.229    1.5  3.16 2003.4 1065.3   32.3
  -9  57   0     9  57   0     22  67995  5231  1.68  1.01p  I-  1.247  0.229   -1.5  3.16 1067.9 2031.9    6.4
                    Weighted mean  73417

  -9  64  -2     9  64   2      8  18097  2359  1.55  1.08f  I+  1.187  0.254   -4.5  2.82 1017.8 2106.5    2.3
   9  64   2     9  64   2      2  43143  2363  2.40  0.98p *I+  1.164  0.167    6.0  2.82 1205.9 2234.7    0.4
  -9 -64  -2     9  64   2    152  33875  2393  2.12  1.00p  I-  1.192  0.168    2.8  2.82 1865.9  862.3   45.4
  -9 -64   2     9  64   2    129  34174  2421  2.13  1.01p  I+  1.264  0.167    2.9  2.82 1865.4  862.0   38.6
   9 -64  -2     9  64   2    122  24690  2497  1.81  1.01p  I+  1.276  0.254   -1.3  2.82 2053.8  990.6   36.4
  -9  64   2     9  64   2     23  26282  2481  1.87  1.02p  I-  1.262  0.254   -0.6  2.82 1017.7 2106.4    6.8
   9 -64   2     9  64   2    107  29656  2535  1.99  0.99p  I-  1.318  0.254    0.8  2.82 2053.6  990.5   31.9
                    Weighted mean  27748

   9  68  64     9  68  64    202  11606  1089  2.30  1.02p *I+  0.982  0.381    7.8  2.05  747.3 2317.2   60.4
  -9 -68 -64     9  68  64    331   2371  1010  1.04  0.97p  I-  0.589  0.382    0.0  2.05 2326.1  781.4   99.1
  -9 -68  64     9  68  64    398   3196  1084  1.21  0.99p  I+  0.548  0.379    0.9  2.05  753.4  775.5  119.3
   9 -68 -64     9  68  64    289   1315   969  0.77  1.01p  I+  0.539  0.420   -1.2  2.05 2439.2  918.2   86.7
  -9  68  64     9  68  64    176   1025  1255  0.68  1.03p  I-  1.100  0.420   -1.2  2.05  634.5 2180.4   52.5
   9 -68  64     9  68  64    440   3743  1056  1.31  1.02p  I-  0.656  0.419    1.5  2.05  638.7  912.4  131.8
                    Weighted mean   2361

  10   7  54    10   7  54    354    748   685  0.12  0.99p  I+  0.531  0.264    0.7  3.67  978.3 1681.5  106.1
 -10  -7 -54    10   7  54    408   -101   733  0.00  1.01p  I-  0.522  0.264   -0.6  3.67 2093.6 1416.0  122.2
 -10  -7  54    10   7  54    321   -424   710  0.00  0.98p  I+  0.525  0.263   -1.2  3.67  979.8 1410.3   96.1
  10   7 -54    10   7  54    374    398   779  0.09  0.99p  I-  0.521  0.263    0.1  3.67 2092.0 1687.6  112.2
  10  -7 -54    10   7  54    342   1245   799  0.16  1.00p  I+  0.526  0.270    1.2  3.67 2108.8 1555.2  102.5
 -10   7  54    10   7  54    290    478   688  0.10  1.00p  I-  0.510  0.270    0.2  3.67  962.8 1542.6   86.9
 -10   7 -54    10   7  54    439     95   821  0.04  0.97p  I+  0.618  0.270   -0.3  3.67 2108.9 1548.5  131.4
  10  -7  54    10   7  54    386  23921   811  0.70  0.95p *I-  0.508  0.270   27.5  3.67  962.8 1549.4  115.8
                    Weighted mean    338

 -10  37  89    10  37  89    247   1704   809  0.88  1.04f  I-  0.716  0.460   -0.0  2.07  494.6 1849.3   74.0
  10  37  89    10  37  89    282   2624  1280  1.09  1.01p  I+  0.556  0.444    0.7  2.07  550.3 2000.6   84.3
 -10 -37 -89    10  37  89    383   2548  1462  1.08  1.01p  I-  0.549  0.444    0.6  2.07 2523.1 1097.4  114.9
 -10 -37  89    10  37  89    345   1169   811  0.73  1.00p  I+  0.568  0.443   -0.8  2.07  555.1 1087.7  103.3
  10  37 -89    10  37  89    448   1225  1345  0.75  1.03p  I-  0.756  0.443   -0.4  2.07 2518.0 2012.2  134.1
  10 -37 -89    10  37  89    344   2017  1157  0.96  1.00p  I+  0.554  0.460    0.3  2.07 2579.4 1249.0  103.0
  10 -37  89    10  37  89    385  17491   893  2.82  0.99p *I-  0.525  0.459   15.9  2.07  497.2 1239.2  115.3
                    Weighted mean   1725

 -11 -80  -5    11  80   5    182   3678  1058  0.97  0.95p  I-  1.110  0.215    1.0  2.26 1949.5  659.5   54.5
 -11 -80   5    11  80   5    137   3609  1098  0.96  1.00p  I+  1.340  0.214    0.9  2.26 1948.2  658.4   41.1
  11 -80  -5    11  80   5    142    452  1151  0.34  0.98p  I+  1.297  0.324   -2.3  2.26 2194.8  822.2   42.6
 -11  80   5    11  80   5     18  16888  1109  2.08  1.00p *I-  1.274  0.323   11.3  2.26  877.0 2274.7    5.2
  11 -80   5    11  80   5    112   3280  1216  0.91  1.00p  I-  1.412  0.323    0.4  2.26 2194.1  821.4   33.5
                    Weighted mean   2802

 -14  55  -2    14  55   2     18  51197  3880  1.46  1.00f  I+  1.228  0.244   -1.7  3.21 1031.2 1976.9    5.3
  14 -55   2    14  55   2     96  53362  3928  1.49  1.00f  I-  1.264  0.244   -1.1  3.21 2039.8 1120.2   28.6
 -14 -55  -2    14  55   2    168  68493  3775  1.69  1.03p  I-  1.097  0.111    3.4  3.21 1753.9  923.7   50.1
 -14 -55   2    14  55   2    135  82762  3867  1.85  0.97p *I+  1.208  0.110    6.1  3.21 1753.1  923.3   40.2
  14 -55  -2    14  55   2    112  56608  3979  1.53  1.04p  I+  1.257  0.244   -0.1  3.21 2040.0 1120.4   33.3
 -14  55   2    14  55   2     34  54932  3955  1.51  1.01p  I-  1.236  0.244   -0.6  3.21 1031.3 1976.7   10.0
                    Weighted mean  57087

  16  37  79    16  37  79    293   2530   905  0.80  0.99p  I+  0.537  0.396    1.9  2.25  681.0 2036.8   87.7
 -16 -37 -79    16  37  79    391  18895  1377  2.20  0.99p *I-  0.551  0.396   12.4  2.25 2391.8 1060.9  117.1
 -16 -37  79    16  37  79    338   -101   931  0.00  1.03p  I+  0.572  0.394   -1.3  2.25  686.2 1052.6  101.1
  16  37 -79    16  37  79    436   1429  1279  0.60  0.99p  I-  0.681  0.394    0.3  2.25 2386.1 2047.1  130.8
  16 -37 -79    16  37  79    321   1642  1048  0.65  0.98p  I+  0.531  0.426    0.7  2.25 2489.0 1298.8   96.0
 -16  37  79    16  37  79    232  -1333  1291  0.00  1.00p  I-  0.764  0.426   -1.9  2.25  584.6 1799.5   69.5
  16 -37  79    16  37  79    408   1011  1052  0.51  0.99p  I-  0.521  0.426    0.0  2.25  586.3 1290.3  122.3
                    Weighted mean   1010

  16  51  11    16  51  11     85 132663  6263  2.35  0.99p  I+  1.256  0.103    2.2  3.35 1331.3 2146.9   25.4
 -16 -51 -11    16  51  11    251 119754  5661  2.23  1.00p  I-  0.681  0.104   -0.1  3.35 1740.8  951.3   75.2
 -16 -51  11    16  51  11     47 126915  6294  2.30  1.02p  I+  1.303  0.102    1.2  3.35 1736.9  949.9   14.0
  16 -51 -11    16  51  11    143 112416  6205  2.16  0.99p  I+  1.150  0.246   -1.4  3.35 2044.7 1175.0   42.7
 -16  51  11    16  51  11     72  77917  6289  1.80  1.00p *I-  1.237  0.245   -6.2  3.35 1026.7 1922.5   21.5
  16 -51  11    16  51  11     57 109868  6340  2.14  1.02p  I-  1.281  0.245   -1.8  3.35 2043.9 1173.7   17.0
                    Weighted mean 120306

  16  84  24    16  84  24     66   1887  1265  0.93  1.00p  I+  1.419  0.239    1.1  2.07 1080.8 2535.6   19.7
 -16 -84 -24    16  84  24    270    412   834  0.43  1.00p  I-  0.607  0.240   -0.3  2.07 1993.0  563.6   81.0
 -16 -84  24    16  84  24     65   -591  1132  0.00  1.00p  I+  1.540  0.237   -1.2  2.07 1985.9  559.5   19.4
 -16  84  24    16  84  24     65  34184  1352  3.95  1.00p *I-  1.386  0.381   23.1  2.07  745.0 2292.8   19.4
  16 -84  24    16  84  24     65   1322  1272  0.78  0.98p  I-  1.468  0.380    0.6  2.07 2325.1  801.7   19.2
                    Weighted mean    614

  17   4  73    17   4  73    362     -3   618  0.00  0.88p  I+  0.529  0.359   -1.6  2.71  754.2 1706.0  108.5
 -17  -4 -73    17   4  73    435   1386   661  0.43  1.03p  I-  0.626  0.359    0.7  2.71 2318.2 1391.9  130.2
 -17  -4  73    17   4  73    294   1992   570  0.52  1.00p  I+  0.513  0.358    2.1  2.71  755.7 1383.9   88.0
  17   4 -73    17   4  73    366    632   668  0.29  0.99p  I-  0.531  0.358   -0.5  2.71 2316.5 1714.5  109.7
  17  -4 -73    17   4  73    353    446   661  0.24  0.98p  I+  0.535  0.363   -0.8  2.71 2329.0 1636.3  105.6
 -17   4  73    17   4  73    281   5070   620  0.82  1.01p *I-  0.531  0.363    6.2  2.71  743.4 1461.9   84.2
 -17   4 -73    17   4  73    447    673   693  0.30  1.02p  I+  0.683  0.363   -0.4  2.71 2330.0 1470.1  134.0
  17  -4  73    17   4  73    376   1074   618  0.38  1.00p  I-  0.517  0.363    0.3  2.71  742.6 1627.9  112.6
                    Weighted mean    926

  18  10  96    18  10  96    337   2347   875  1.03  0.99p  I+  0.559  0.464    1.2  2.07  477.8 1782.7  100.9
 -18 -10 -96    18  10  96    432   1597  1048  0.85  1.00p  I-  0.647  0.464    0.2  2.07 2595.7 1315.4  129.5
 -18 -10  96    18  10  96    296    864  1012  0.63  0.98p  I+  0.523  0.464   -0.6  2.07  480.4 1304.5   88.8
  18  10 -96    18  10  96    392  28451  1137  3.60  1.01p *I-  0.546  0.463   22.4  2.07 2593.1 1794.7  117.4
  18 -10 -96    18  10  96    365   -160  1177  0.00  1.01p  I+  0.539  0.471   -1.4  2.07 2620.6 1588.5  109.4
 -18  10  96    18  10  96    272   1136  1113  0.72  0.99p  I-  0.561  0.471   -0.3  2.07  453.2 1510.3   81.5
  18 -10  96    18  10  96    363   1906   921  0.93  1.00p  I-  0.537  0.471    0.6  2.07  452.8 1576.9  108.8
                    Weighted mean   1426

 -18 -13 -88    18  13  88    427    -18  1008  0.00  1.01p  I-  0.608  0.428   -0.1  2.24 2492.3 1288.9  127.8
 -18 -13  88    18  13  88    302   -123   974  0.00  1.01p  I+  0.518  0.427   -0.3  2.24  583.6 1279.1   90.4
  18  13 -88    18  13  88    391  24467  1049  2.50  0.97p *I-  0.543  0.427   21.5  2.24 2489.3 1819.9   58.6
  18 -13 -88    18  13  88    354   1444  1132  0.61  1.01p  I+  0.542  0.438    1.3  2.24 2527.0 1556.9  106.0
 -18  13  88    18  13  88    268   -653   984  0.00  1.00p  I-  0.570  0.438   -0.9  2.24  546.3 1541.7   80.2
  18 -13  88    18  13  88    375    166   837  0.21  0.99p  I-  0.524  0.438    0.1  2.24  546.2 1546.5  112.3
                    Weighted mean    102

  18 -32 -43    18  32  43    256  36282  2421  1.23  1.22f  I+  0.627  0.279    1.5  3.43 2126.2 1372.7   76.6
  18  32  43    18  32  43    307  31686  2358  1.15  0.97p  I+  0.519  0.216   -0.6  3.43 1091.9 1976.5   92.0
 -18 -32 -43    18  32  43    384  73883  2487  1.75  0.99p *I-  0.536  0.216   15.0  3.43 1979.6 1121.2  115.1
 -18 -32  43    18  32  43    344  33571  2435  1.18  0.99p  I+  0.555  0.214    0.3  3.43 1096.5 1116.9  103.1
  18  32 -43    18  32  43    422  30319  2457  1.12  0.98p  I-  0.564  0.214   -1.2  3.43 1974.9 1981.6  126.5
 -18  32  43    18  32  43    198  33072  2736  1.17  1.02p  I-  0.895  0.279    0.0  3.43  945.6 1725.2   59.2
                    Weighted mean  32983

  20  17  86    20  17  86    336    467  2236  0.35  1.02p  I+  0.558  0.420   -0.3  2.25  604.5 1864.2  100.6
 -20 -17 -86    20  17  86    426   1861  2353  0.69  1.00p  I-  0.607  0.420    0.4  2.25 2468.5 1233.8  127.6
 -20 -17  86    20  17  86    302   1376  2273  0.59  0.97p  I+  0.521  0.419    0.1  2.25  608.0 1224.4   90.6
  20  17 -86    20  17  86    393 244924  2672  7.91  1.00p *I-  0.547  0.419   86.1  2.25 2465.0 1874.7  117.7
  20 -17 -86    20  17  86    343   1746  2354  0.67  1.00p  I+  0.545  0.435    0.3  2.25 2520.3 1531.2  102.9
 -20  17  86    20  17  86    258    295  2398  0.27  1.00p  I-  0.634  0.435   -0.4  2.25  553.1 1567.4   77.2
  20 -17  86    20  17  86    385    896  2222  0.48  1.02p  I-  0.520  0.435   -0.1  2.25  553.2 1521.2  115.4
                    Weighted mean   1100

 -20  33  55    20  33  55    210   5181  1603  0.66  1.02f  I-  0.850  0.331    0.1  2.92  823.7 1723.0   62.8
  20  33  55    20  33  55    312   4766  1373  0.63  1.00p  I+  0.532  0.276   -0.2  2.92  963.0 2007.0   93.4
 -20 -33 -55    20  33  55    396  77101  1600  2.54  1.01p *I-  0.544  0.276   41.8  2.92 2108.9 1090.7  118.5
 -20 -33  55    20  33  55    333   5432  1378  0.67  0.98p  I+  0.562  0.274    0.3  2.92  967.8 1085.0   99.6
  20  33 -55    20  33  55    417   3649  1494  0.55  1.01p  I-  0.564  0.274   -1.0  2.92 2103.7 2013.7  125.0
  20 -33 -55    20  33  55    277   6072  1363  0.71  1.03p  I+  0.520  0.331    0.8  2.92 2248.7 1375.0   83.1
                    Weighted mean   5060

 -20  42  11    20  42  11     81  57211  3329  1.08  1.32f  I-  1.188  0.233    0.5  3.82 1050.6 1805.9   24.1
  20  42  11    20  42  11    138  56523  3284  1.07  1.00p  I+  1.151  0.065    0.2  3.82 1407.1 2083.5   41.4
 -20 -42 -11    20  42  11    333  37112  2742  0.87  0.99p *I-  0.555  0.065   -6.1  3.82 1665.1 1015.1   99.9
 -20 -42  11    20  42  11    397  55164  2734  1.06  1.01p  I+  0.538  0.063   -0.3  3.82 1410.7 1014.2  118.9
  20 -42 -11    20  42  11    138  55818  3325  1.07  1.03p  I+  1.139  0.233    0.0  3.82 2020.8 1291.7   41.1
  20 -42  11    20  42  11     48  54547  3402  1.05  0.99p  I-  1.230  0.233   -0.4  3.82 2020.3 1290.5   14.3
                    Weighted mean  55805

 -20  77  43    20  77  43    114   2303  1116  1.02  1.01f  I-  1.335  0.412    1.1  2.07  656.2 2189.6   34.0
  20  77  43    20  77  43    155    388  1062  0.42  0.98p  I+  1.230  0.280   -0.8  2.07  992.5 2493.4   46.3
 -20 -77 -43    20  77  43    331    870   730  0.63  1.03p  I-  0.615  0.281   -0.5  2.07 2081.2  606.2   99.3
 -20 -77  43    20  77  43    398   9743   903  2.11  1.01p *I+  0.578  0.277    8.5  2.07  999.0  602.5  119.2
  20 -77 -43    20  77  43    228   1736  1140  0.89  0.99p  I+  0.819  0.412    0.5  2.07 2417.2  908.6   68.3
  20 -77  43    20  77  43     16   1149  1115  0.72  1.02p  I-  1.243  0.411   -0.0  2.07 2414.0  903.1    4.5
                    Weighted mean   1184

 -20  84  29    20  84  29     75   2264  1068  1.02  1.13f  I-  1.369  0.406   -0.3  2.02  681.7 2266.7   22.4
  20  84  29    20  84  29     86  11465  1260  2.29  0.99p *I+  1.393  0.237    6.8  2.02 1088.1 2572.1   25.6
 -20 -84 -29    20  84  29    301   2895   771  1.15  1.00p  I-  0.566  0.238    0.5  2.02 1986.3  527.7   90.3
 -20 -84  29    20  84  29     46   1900  1065  0.93  1.00p  I+  1.493  0.234   -0.6  2.02 1977.3  523.0   13.5
 -20 -84  29    20  84  29    429   3648   766  1.29  1.00p  I+  0.650  0.235    1.7  2.02 1092.2  525.7  128.6
  20 -84 -29    20  84  29    198   2984  1247  1.17  1.03p  I+  1.021  0.406    0.4  2.02 2391.4  831.3   59.2
  20 -84  29    20  84  29     55   -189  1170  0.00  1.00p  I-  1.443  0.405   -2.5  2.02 2388.6  827.5   16.2
                    Weighted mean   2535

  21  10  45    21  10  45    391  23948  1105  0.70  0.99p *I+  0.511  0.230   11.8  3.92 1055.7 1785.7  117.0
 -21 -10 -45    21  10  45    445  10063  1163  0.45  1.00p  I-  0.643  0.230    0.2  3.92 2015.8 1311.8  133.4
 -21 -10  45    21  10  45    283  10026  1058  0.45  1.00p  I+  0.522  0.229    0.2  3.92 1058.0 1307.2   84.8
  21  10 -45    21  10  45    338   9659  1104  0.44  1.02p  I-  0.534  0.229   -0.2  3.92 2013.3 1790.9  101.2
  21 -10 -45    21  10  45    288   9973  1075  0.45  1.00p  I+  0.501  0.252    0.1  3.92 2068.4 1602.7   86.4
 -21  10  45    21  10  45    239  10093  1253  0.45  1.01p  I-  0.714  0.252    0.2  3.92 1003.2 1495.3   71.6
  21 -10  45    21  10  45    440   9340  1156  0.44  0.98p  I-  0.598  0.253   -0.5  3.92 1002.6 1597.7  131.9
                    Weighted mean   9858

 -21  40  58    21  40  58    199   -394   702  0.00  1.31f  I-  0.910  0.359   -1.2  2.65  756.7 1786.6   59.5
  21  40  58    21  40  58    295    811   533  0.33  0.98p  I+  0.534  0.295    1.0  2.65  925.1 2088.8   88.2
 -21 -40 -58    21  40  58    390   6709   869  0.95  0.99p *I-  0.553  0.295    7.0  2.65 2146.8 1008.9  116.9
 -21 -40  58    21  40  58    338   -376   641  0.00  1.00p  I+  0.573  0.293   -1.3  2.65  930.8 1003.0  101.2
  21  40 -58    21  40  58    435   1220   737  0.40  1.04p  I-  0.650  0.293    1.3  2.65 2140.6 2096.1  130.3
  21 -40 -58    21  40  58    275    370   607  0.22  0.98p  I+  0.540  0.359    0.0  2.65 2316.1 1311.5   82.2
                    Weighted mean    350

  22  47  12    22  47  12    121  12226  1887  0.71  1.02p  I+  1.222  0.071   -0.4  3.43 1396.5 2149.7   36.0
 -22 -47 -12    22  47  12    340  12244  1435  0.71  1.02p  I-  0.568  0.071   -0.5  3.43 1676.3  949.2  101.8
 -22 -47  12    22  47  12     14  12876  1894  0.73  1.00p  I+  1.249  0.068   -0.0  3.43 1669.8  947.6    3.9
 -22 -47  12    22  47  12    390  40154  1443  1.29  1.01p *I+  0.549  0.069   16.8  3.43 1400.3  948.3  116.9
  22 -47 -12    22  47  12    140  13021  1929  0.74  1.00p  I+  1.150  0.259    0.1  3.43 2077.4 1255.9   41.9
 -22  47  12    22  47  12     77  14536  1966  0.78  1.00p  I-  1.209  0.259    0.9  3.43  994.0 1841.7   22.9
  22 -47  12    22  47  12     52  13108  1996  0.74  0.98p  I-  1.255  0.259    0.1  3.43 2077.0 1254.6   15.6
                    Weighted mean  12897

 -22  59  46    22  59  46    146    720   864  0.37  1.35f  I-  1.159  0.370   -0.4  2.43  739.9 1972.9   43.7
  22  59  46    22  59  46    224   1424   767  0.53  0.99p  I+  0.843  0.255    0.6  2.43 1027.5 2294.7   67.2
 -22 -59 -46    22  59  46    361    926   850  0.42  1.04p  I-  0.584  0.256   -0.1  2.43 2045.1  803.9  108.1
 -22 -59  46    22  59  46    368   6369   681  1.11  1.01p *I+  0.576  0.252    6.7  2.43 1034.3  799.5  110.2
  22 -59 -46    22  59  46    235    851   893  0.41  0.84p  I+  0.760  0.370   -0.2  2.43 2332.9 1125.1   70.5
                    Weighted mean   1010

  22 -76  19    22  76  19     68   7187   860  1.35  1.22f *I-  1.401  0.368    6.5  2.25 2309.6  942.6   20.3
  22  76  19    22  76  19     58   1423   769  0.60  0.99p  I+  1.405  0.167    0.3  2.25 1219.4 2479.8   17.3
 -22 -76  19    22  76  19     74   2506   721  0.80  0.99p  I+  1.473  0.165    1.9  2.25 1847.2  616.2   22.1
 -22 -76  19    22  76  19    439    962   437  0.50  1.00p  I+  0.685  0.165   -0.8  2.25 1222.2  618.5  131.5
  22 -76 -19    22  76  19    169   1407   888  0.60  0.98p  I+  1.164  0.368    0.2  2.25 2311.2  945.0   50.5
 -22  76  19    22  76  19     62   -264   959  0.00  1.02p  I-  1.347  0.368   -1.6  2.25  761.3 2152.6   18.3
                    Weighted mean   1228

  23  13  43    23  13  43    391  19489   962  0.63  1.00p *I+  0.513  0.221   13.5  3.90 1075.7 1827.9  117.2
 -23 -13 -43    23  13  43    448   5152   957  0.32  1.00p  I-  0.655  0.221   -0.2  3.90 1995.9 1269.6  134.4
 -23 -13  43    23  13  43    280   5866   849  0.35  1.02p  I+  0.526  0.220    0.8  3.90 1078.6 1265.2   83.7
  23  13 -43    23  13  43    337   5976   904  0.35  1.03p  I-  0.537  0.220    0.9  3.90 1992.8 1833.0  101.0
  23 -13 -43    23  13  43    273   4745   905  0.31  0.98p  I+  0.534  0.254   -0.7  3.90 2072.4 1588.1   81.6
 -23  13  43    23  13  43    223   4246  1117  0.29  1.02p  I-  0.768  0.254   -1.0  3.90  999.4 1509.8   66.9
                    Weighted mean   5287

  23  76  18    23  76  18     51   1529   848  0.62  1.00p  I+  1.384  0.157   -0.2  2.25 1238.0 2487.2   15.1
  23 -76 -18    23  76  18    165   1210  1020  0.56  1.00p  I+  1.181  0.371   -0.5  2.25 2318.7  952.1   49.4
 -23  76  18    23  76  18     59   2330  1092  0.77  0.98p  I-  1.347  0.371    0.7  2.25  753.9 2145.5   17.5
  23 -76  18    23  76  18     71   9520  1170  1.56  1.00p *I-  1.395  0.370    6.1  2.25 2317.2  949.9   21.1
                    Weighted mean   1644

 -24  26  39    24  26  39    187  49262  3553  1.00  1.23f  I-  0.935  0.269    0.7  3.66  966.0 1625.9   55.9
  24  26  39    24  26  39    353  42466  3192  0.93  1.00p  I+  0.545  0.197   -1.6  3.66 1132.8 1959.3  105.7
 -24 -26 -39    24  26  39    427  49137  3280  1.00  1.01p  I-  0.584  0.197    0.8  3.66 1938.7 1138.3  127.9
 -24 -26  39    24  26  39    301  48169  3153  0.99  0.99p  I+  0.510  0.195    0.4  3.66 1136.9 1134.3   90.1
  24  26 -39    24  26  39    376 112133  3234  1.51  1.01p *I-  0.537  0.195   18.3  3.66 1934.3 1964.0  112.6
  24 -26 -39    24  26  39    240  45998  3390  0.97  1.02p  I+  0.721  0.269   -0.3  3.66 2105.6 1471.9   71.8
                    Weighted mean  46920

  25 -38 -14    25  38  14    145 122435  5617  1.58  1.29f  I+  1.113  0.245    2.0  3.85 2049.4 1364.4   43.3
 -25  38  14    25  38  14     92 100522  5676  1.43  1.39f  I-  1.178  0.245   -2.3  3.85 1021.9 1733.3   27.4
  25 -38  14    25  38  14     37 123417  5708  1.59  1.43f  I-  1.203  0.245    2.2  3.85 2049.2 1362.7   10.9
  25  38  14    25  38  14    246 104847  5212  1.46  0.99p  I+  0.713  0.065   -1.6  3.85 1406.0 2079.8   73.7
 -25 -38 -14    25  38  14    438  77813  5118  1.26  1.00p *I-  0.625  0.066   -6.1  3.85 1666.2 1018.6  131.2
 -25 -38  14    25  38  14    287 110804  5014  1.50  1.03p  I+  0.530  0.062   -0.3  3.85 1411.1 1017.0   85.9
                    Weighted mean 112083

  26   1  71    26   1  71    388   5126   930  0.83  0.98p  I+  0.516  0.363    0.5  2.66  746.2 1742.1  116.3
 -26  -1  71    26   1  71    266   4934   927  0.81  1.00p  I+  0.573  0.362    0.2  2.66  748.3 1348.1   79.6
  26   1 -71    26   1  71    340   4063   960  0.74  0.99p  I-  0.543  0.362   -0.8  2.66 2324.3 1750.5  101.9
  26  -1 -71    26   1  71    337   5173   967  0.83  0.99p  I+  0.541  0.364    0.5  2.66 2329.0 1730.9  100.9
 -26   1  71    26   1  71    263   4368   942  0.76  0.99p  I-  0.587  0.364   -0.4  2.66  743.6 1367.8   78.7
  26  -1  71    26   1  71    392  22188   993  1.72  1.01p *I-  0.515  0.364   16.2  2.66  741.5 1722.5  117.3
                    Weighted mean   4737

  26 -17 -84    26  17  84    331   -153   664  0.00  1.09f  I+  0.543  0.436   -1.1  2.25 2521.7 1575.7   99.1
  26  17  84    26  17  84    348   -892   866  0.00  1.01p  I+  0.555  0.416   -1.7  2.25  619.1 1908.9  104.2
 -26 -17 -84    26  17  84    440    -88   914  0.00  1.03p  I-  0.687  0.416   -0.6  2.25 2453.9 1189.1  131.7
 -26 -17  84    26  17  84    289   2771   990  0.84  1.00p  I+  0.537  0.415    2.6  2.25  623.1 1179.8   86.5
  26  17 -84    26  17  84    381   2480  1308  0.80  0.99p  I-  0.547  0.414    1.7  2.25 2449.9 1919.4  114.1
  26 -17  84    26  17  84    398  16964  1061  2.08  1.00p *I-  0.520  0.436   14.6  2.25  551.2 1565.9  119.1
                    Weighted mean    411

  26  60  66    26  60  66    253   2407  1256  1.05  1.03p  I+  0.722  0.354    1.7  2.07  816.0 2360.8   75.8
 -26 -60 -66    26  60  66    390  14363   975  2.56  1.01p *I-  0.594  0.355   12.7  2.07 2257.1  737.9  116.8
 -26 -60  66    26  60  66    338   -502   838  0.00  0.98p  I+  0.615  0.351   -1.5  2.07  824.0  731.3  101.4
  26 -60 -66    26  60  66    268   -186   872  0.00  0.99p  I+  0.574  0.449   -0.9  2.07 2537.9 1131.6   80.4
 -26  60  66    26  60  66    168   2370  1370  1.04  1.02p  I-  1.113  0.449    1.5  2.07  535.8 1966.9   50.2
                    Weighted mean    468

  27 -33  18    27  33  18     19 179020  7917  1.91  1.48f  I-  1.189  0.244    0.8  3.97 2048.3 1423.8    5.6
  27  33  18    27  33  18    332 121815  7259  1.58  1.01p *I+  0.556  0.090   -6.3  3.97 1355.8 2044.8   99.5
  27  33 -18    27  33  18    397 165842  7242  1.84  1.01p  I-  0.537  0.087   -1.2  3.97 1709.6 2046.8  119.0
  27 -33 -18    27  33  18    159 178787  7864  1.91  1.03p  I+  1.069  0.244    0.8  3.97 2048.4 1425.9   47.6
 -27  33  18    27  33  18    110 171573  7969  1.87  1.00p  I-  1.165  0.244   -0.3  3.97 1023.0 1671.8   32.8
                    Weighted mean 173458

  27  55  33    27  55  33    224   2033   859  0.52  1.03p  I+  0.841  0.175   -0.7  2.68 1192.7 2280.2   66.9
 -27 -55 -33    27  55  33    384  15202   787  1.42  1.01p *I-  0.578  0.176   14.2  2.68 1880.1  818.6  115.0
 -27 -55  33    27  55  33    344   2316   751  0.56  1.00p  I+  0.598  0.172   -0.4  2.68 1199.3  815.3  103.1
  27 -55 -33    27  55  33    199   3052   997  0.64  1.00p  I+  0.943  0.341    0.5  2.68 2266.8 1206.3   59.4
 -27  55  33    27  55  33    119   2796  1225  0.61  1.01p  I-  1.209  0.341    0.2  2.68  805.4 1891.5   35.7
  27 -55  33    27  55  33     10   3247  1012  0.66  1.02p  I-  1.150  0.341    0.7  2.68 2265.9 1202.3    2.7
                    Weighted mean   2591

 -28  27  63    28  27  63    212   2855  1119  0.62  1.11f  I-  0.840  0.369   -0.9  2.66  726.4 1608.4   63.5
 -28 -27 -63    28  27  63    433   3790  1162  0.71  0.99p  I-  0.639  0.318    0.0  2.66 2203.8 1086.3  129.7
 -28 -27  63    28  27  63    295   3430   860  0.68  1.01p  I+  0.528  0.316   -0.5  2.66  873.1 1080.0   88.4
  28  27 -63    28  27  63    383  14901  1351  1.41  1.00p *I-  0.549  0.316    7.8  2.66 2198.8 2019.1  114.7
  28 -27 -63    28  27  63    284   4280  1009  0.76  1.00p  I+  0.516  0.369    0.5  2.66 2346.1 1489.8   85.2
  28 -27  63    28  27  63    444   4477   971  0.77  0.98p  I-  0.646  0.369    0.8  2.66  726.7 1483.0  133.1
                    Weighted mean   3785

 -30  21  84    30  21  84    232    130   987  0.21  1.00f  I-  0.754  0.448   -1.2  2.18  518.4 1533.6   69.5
  30  21  84    30  21  84    348   8157   813  1.66  1.02p *I+  0.560  0.420    7.6  2.18  614.1 1981.8  104.1
 -30 -21 -84    30  21  84    445   1530  1046  0.72  0.99p  I-  0.726  0.420    0.3  2.18 2458.9 1116.0  133.2
 -30 -21  84    30  21  84    284   2275  1023  0.88  1.01p  I+  0.551  0.418    1.2  2.18  618.8 1106.9   84.9
  30  21 -84    30  21  84    381   1510  1253  0.71  1.00p  I-  0.554  0.418    0.3  2.18 2454.2 1992.4  114.2
  30 -21 -84    30  21  84    320   1048  1052  0.60  0.97p  I+  0.532  0.448   -0.2  2.18 2555.6 1565.1   95.9
  30 -21  84    30  21  84    408    921   983  0.56  0.99p  I-  0.525  0.448   -0.3  2.18  517.5 1555.4  122.3
                    Weighted mean   1200

  30 -34   8    30  34   8     59  53165  3554  1.04  1.19f  I-  1.237  0.247   -1.0  3.94 2056.0 1435.6   17.6
  30  34   8    30  34   8     19  64866  3534  1.15  1.02p  I+  1.248  0.039    2.6  3.94 1613.7 2075.7    5.6
  30  34   8    30  34   8    341  56221  2921  1.07  1.01p  I+  0.561  0.039   -0.1  3.94 1457.9 2076.0  102.1
 -30 -34   8    30  34   8    101  33758  3522  0.83  0.95p *I+  1.236  0.037   -6.1  3.94 1461.9 1020.8   30.0
  30  34  -8    30  34   8    390  52865  2899  1.04  1.01p  I-  0.538  0.036   -1.4  3.94 1606.8 2076.7  116.8
  30 -34  -8    30  34   8    119  57842  3545  1.09  1.01p  I+  1.177  0.247    0.4  3.94 2056.2 1436.6   35.7
 -30  34   8    30  34   8     70  54075  3562  1.05  1.00p  I-  1.200  0.247   -0.7  3.94 1015.3 1661.1   20.8
 -30  34  -8    30  34   8      9  57683  3492  1.08  1.02p  I+  1.141  0.247    0.4  3.94 1014.9 1661.9    2.7
                    Weighted mean  56426

 -30 -75  -8    30  75   8    345    910   468  0.48  0.96p  I-  0.638  0.063    0.2  2.24 1652.1  569.2  103.4
 -30 -75   8    30  75   8    213    197   651  0.22  1.01p  I+  0.930  0.058   -1.1  2.24 1642.6  567.4   63.8
 -30 -75   8    30  75   8    385   7331   524  1.37  1.01p *I+  0.612  0.058   10.5  2.24 1426.9  568.7  115.4
  30 -75  -8    30  75   8    135    110  1101  0.17  1.00p  I+  1.294  0.387   -0.7  2.24 2365.0 1013.2   40.4
 -30  75   8    30  75   8     34   2941  1013  0.87  1.01p  I-  1.270  0.387    2.2  2.24  707.2 2083.9   10.0
  30 -75   8    30  75   8     96    456  1138  0.34  1.02p  I-  1.375  0.387   -0.3  2.24 2364.4 1012.3   28.5
                    Weighted mean    835

  31  37  60    31  37  60    327     17   681  0.06  1.04p  I+  0.570  0.306   -1.2  2.52  904.2 2136.1   98.1
 -31 -37 -60    31  37  60    430    738   978  0.38  1.00p  I-  0.643  0.306    0.0  2.52 2168.2  961.7  128.9
 -31 -37  60    31  37  60    298    326   593  0.25  1.01p  I+  0.538  0.304   -0.8  2.52  910.4  955.6   89.2
  31  37 -60    31  37  60    402  12639   834  1.57  1.01p *I-  0.564  0.303   13.2  2.52 2161.5 2143.7  120.3
  31 -37 -60    31  37  60    264   2503   789  0.70  0.98p  I+  0.574  0.386    2.5  2.52 2387.8 1412.1   79.2
 -31  37  60    31  37  60    187    195  1208  0.19  1.01p  I-  0.961  0.386   -0.4  2.52  685.1 1686.2   56.0
                    Weighted mean    707

  31 -72 -45    31  72  45    219   2015  1941  0.96  1.27f  I+  0.872  0.438   -0.1  2.07 2499.4 1043.9   65.5
  31 -72  45    31  72  45     15   1445  2088  0.81  1.43f  I-  1.208  0.437   -0.4  2.07 2497.4 1038.0    4.3
  31  72  45    31  72  45    193   1765  2116  0.90  1.00p  I+  1.025  0.251   -0.2  2.07 1054.2 2524.7   57.8
 -31 -72 -45    31  72  45    388  81296  2056  6.09  0.99p *I-  0.621  0.253   35.3  2.07 2019.7  575.0  116.3
 -31 -72  45    31  72  45    340   1868  1705  0.92  1.00p  I+  0.645  0.247   -0.2  2.07 1062.8  570.5  101.7
 -31  72  45    31  72  45    114   4462  2382  1.43  0.99p  I-  1.314  0.438    1.0  2.07  574.1 2054.2   34.1
                    Weighted mean   2172

 -33   1  83    33   1  83    251    583   660  0.39  1.20f  I-  0.682  0.428   -0.1  2.25  580.0 1309.4   75.1
  33   1  83    33   1  83    386   7106   767  1.35  0.96p *I+  0.524  0.427    7.6  2.25  582.4 1799.5  115.7
 -33  -1  83    33   1  83    253    657   935  0.41  1.17p  I+  0.668  0.426   -0.0  2.25  585.1 1289.4   75.9
  33   1 -83    33   1  83    342    728   627  0.43  0.96p  I-  0.555  0.426    0.1  2.25 2488.1 1809.8   51.3
  33  -1 -83    33   1  83    339    662   765  0.41  1.01p  I+  0.554  0.428    0.0  2.25 2493.5 1789.6  101.6
  33  -1  83    33   1  83    389   6546   750  1.29  1.00p *I-  0.523  0.428    7.1  2.25  577.3 1779.3  116.6
                    Weighted mean    660

  33   8 -89    33   8  89    359    872   893  0.54  1.08f  I-  0.556  0.448   -1.6  2.11 2544.3 1886.1  107.5
  33   8  89    33   8  89    370   3205   821  1.04  1.01p  I+  0.536  0.449    1.5  2.11  525.5 1874.6  110.7
 -33  -8  89    33   8  89    263   2416   917  0.90  0.99p  I+  0.603  0.448    0.3  2.11  529.3 1213.5   78.7
  33  -8 -89    33   8  89    337   2134   825  0.85  1.01p  I+  0.555  0.459   -0.0  2.11 2585.0 1721.7  101.0
 -33   8  89    33   8  89    245   1889   872  0.80  0.99p  I-  0.712  0.459   -0.3  2.11  488.9 1377.3   73.2
  33  -8  89    33   8  89    391   8061   822  1.65  1.01p *I-  0.526  0.460    6.5  2.11  486.7 1710.8  117.3
                    Weighted mean   2137

 -33  -8  90    33   8  90    263    856   684  0.62  1.18f  I+  0.603  0.453    0.1  2.09  516.9 1212.6   78.7
  33   8 -90    33   8  90    360    336   829  0.39  1.09f  I-  0.556  0.453   -0.6  2.09 2556.7 1887.0  107.8
  33   8  90    33   8  90    369    892   765  0.64  0.98p  I+  0.537  0.454    0.2  2.09  513.3 1875.4  110.4
  33  -8 -90    33   8  90    338     84   780  0.20  0.98p  I+  0.556  0.464   -1.0  2.09 2597.1 1722.3  101.3
 -33   8  90    33   8  90    245   1687   821  0.88  1.00p  I-  0.712  0.464    1.2  2.09  476.9 1376.9   73.3
  33  -8  90    33   8  90    390   8749   772  2.00  1.00p *I-  0.526  0.464    9.4  2.09  474.7 1711.1  116.9
                    Weighted mean    769

  33   8 -91    33   8  91    361    462   965  0.46  1.02f  I-  0.556  0.457    0.4  2.07 2569.2 1887.7  108.1
  33   8  91    33   8  91    368   -371   930  0.00  1.01p  I+  0.539  0.458   -0.6  2.07  500.8 1876.1  110.1
 -33  -8  91    33   8  91    263    728  1029  0.58  1.00p  I+  0.603  0.457    0.7  2.07  504.5 1211.7   78.8
 -33   8  91    33   8  91    245   -280  1005  0.00  1.00p  I-  0.712  0.468   -0.4  2.07  464.7 1376.4   73.4
  33  -8  91    33   8  91    389  25947   968  3.44  1.00p *I-  0.527  0.468   23.8  2.07  462.6 1711.5  116.6
                    Weighted mean    115

  33  17  89    33  17  89    355    103   784  0.22  1.03p  I+  0.554  0.447   -0.0  2.08  540.1 1968.5  106.5
 -33 -17  89    33  17  89    272   -493  1054  0.00  0.97p  I+  0.575  0.446   -0.6  2.08  544.7 1119.7   81.6
  33  17 -89    33  17  89    373   6968  1021  1.78  1.01p *I-  0.557  0.446    6.2  2.08 2528.5 1980.0  111.8
  33 -17 -89    33  17  89    327    900   705  0.64  1.05p  I+  0.549  0.469    1.3  2.08 2615.1 1629.7   97.9
 -33  17  89    33  17  89    234    627  1216  0.53  1.01p  I-  0.754  0.469    0.4  2.08  459.1 1469.3   70.0
  33 -17  89    33  17  89    402  -1159  1008  0.00  1.01p  I-  0.528  0.469   -1.4  2.08  457.8 1619.0  120.4
                    Weighted mean    132

  34   6  90    34   6  90    373   2524   759  1.07  1.00p  I+  0.534  0.456   -0.7  2.08  505.4 1862.6  111.7
 -34  -6  90    34   6  90    259   4292  1030  1.40  0.98p  I+  0.639  0.455    1.4  2.08  508.9 1225.3   77.5
  34   6 -90    34   6  90    356   3395  1218  1.24  1.03p  I-  0.560  0.455    0.4  2.08 2564.5 1874.2  106.5
  34  -6 -90    34   6  90    339   3416   900  1.25  1.01p  I+  0.558  0.464    0.6  2.08 2595.8 1750.6  101.6
 -34   6  90    34   6  90    245   1741   965  0.89  1.00p  I-  0.712  0.464   -1.4  2.08  478.2 1348.7   73.4
  34  -6  90    34   6  90    389  13463  1017  2.48  1.00p *I-  0.527  0.464    9.5  2.08  475.9 1739.3  116.6
                    Weighted mean   2968

 -34 -12  83    34  12  83    264   2430   782  0.91  1.00p  I+  0.598  0.421    2.7  2.21  606.2 1169.5   79.0
  34  12 -83    34  12  83    358     17  1073  0.08  1.02p  I-  0.559  0.421   -0.8  2.21 2466.8 1929.9  107.2
  34 -12 -83    34  12  83    323   -497  1063  0.00  1.01p  I+  0.538  0.440   -1.3  2.21 2532.4 1686.3   96.8
 -34  12  83    34  12  83    235   7256   787  1.57  0.89p *I-  0.745  0.440    7.1  2.21  541.4 1412.6   70.4
  34 -12  83    34  12  83    405    -58   941  0.00  0.99p  I-  0.525  0.441   -1.0  2.21  539.5 1676.3  121.4
                    Weighted mean    770

  35   7  90    35   7  90    373   1679   706  0.87  1.03f  I+  0.534  0.457   -0.9  2.07  503.7 1880.9  111.7
 -35   7  90    35   7  90    242   1614   791  0.86  1.14f  I-  0.744  0.466   -0.8  2.07  470.5 1351.1   72.5
 -35  -7  90    35   7  90    258   2867  1003  1.14  1.02p  I+  0.648  0.456    0.7  2.07  507.4 1207.1   77.1
  35   7 -90    35   7  90    355   1679  1192  0.87  1.03p  I-  0.561  0.456   -0.5  2.07 2566.1 1892.6  106.5
  35  -7 -90    35   7  90    337   3391   854  1.24  0.96p  I+  0.558  0.466    1.6  2.07 2603.5 1748.2  100.8
  35  -7  90    35   7  90    392  11670   874  2.31  1.01p *I-  0.527  0.467    9.9  2.07  468.1 1736.9  117.4
                    Weighted mean   2192

 -35  33  10    35  33  10     73  64578  4115  1.15  1.54f  I-  1.193  0.268   -1.0  3.69  969.3 1617.3   21.7
  35  33  10    35  33  10     22  67823  4157  1.18  1.01p  I+  1.260  0.068   -0.2  3.69 1671.3 2103.6    6.6
  35  33  10    35  33  10    419  71694  3483  1.21  1.00p  I+  0.542  0.068    1.0  3.69 1400.9 2103.5  125.7
 -35 -33  10    35  33  10    101  42213  4141  0.93  0.97p *I+  1.245  0.067   -6.0  3.69 1403.4  992.9   30.1
  35  33 -10    35  33  10    306  69642  3458  1.19  0.98p  I-  0.521  0.066    0.3  3.69 1666.0 2104.9   91.7
  35 -33 -10    35  33  10    125  67456  4146  1.17  1.02p  I+  1.170  0.268   -0.3  3.69 2102.1 1480.5   37.4
 -35  33 -10    35  33  10      3  72419  4060  1.22  0.98p  I+  1.099  0.267    1.0  3.69  968.8 1618.5    0.8
  35 -33  10    35  33  10     56  64563  4207  1.15  1.01p  I-  1.237  0.268   -1.0  3.69 2102.2 1479.2   16.6
                    Weighted mean  68593

 -35  56  46    35  56  46    133   1791  1135  0.68  1.44f  I-  1.189  0.405   -0.5  2.34  645.1 1850.0   39.7
  35  56  46    35  56  46    268   3373   980  0.93  0.98p  I+  0.611  0.239    1.3  2.34 1067.6 2365.7   80.3
 -35 -56 -46    35  56  46    426   1692   932  0.66  1.01p  I-  0.659  0.239   -0.8  2.34 2005.1  733.0  127.7
 -35 -56  46    35  56  46    301   8838   955  1.50  1.01p *I+  0.565  0.235    6.0  2.34 1075.8  728.3   90.2
  35 -56 -46    35  56  46    220   2296  1099  0.77  1.01p  I+  0.841  0.405   -0.0  2.34 2427.7 1248.0   65.8
                    Weighted mean   2305

  36   7 -90    36   7  90    354   1136  1038  0.72  1.05f  I-  0.563  0.458   -0.3  2.06 2570.0 1900.6  106.1
 -36   7  90    36   7  90    240   2021   944  0.96  1.06f  I-  0.746  0.468    0.8  2.06  465.7 1343.3   71.9
  36   7  90    36   7  90    374    562  1005  0.51  0.99p  I+  0.534  0.459   -0.9  2.06  499.9 1888.9  112.2
 -36  -7  90    36   7  90    256   2027  1132  0.96  1.00p  I+  0.664  0.458    0.6  2.06  503.6 1199.1   76.5
  36  -7 -90    36   7  90    335   1157   972  0.73  1.01p  I+  0.558  0.468   -0.2  2.06 2608.4 1756.1  100.4
  36  -7  90    36   7  90    393  29933  1106  3.69  1.01p *I-  0.528  0.469   23.9  2.06  463.1 1744.7  117.8
                    Weighted mean   1370

 -38 -20  59    38  20  59    251  12157  1256  1.27  1.02f  I+  0.688  0.314    0.4  2.67  878.4 1076.6   75.2
  38 -20 -59    38  20  59    269  11247  1186  1.22  1.10f  I+  0.554  0.368   -0.5  2.67 2342.0 1630.2   80.5
  38  20  59    38  20  59    389  21001  1330  1.67  1.01p *I+  0.524  0.315    6.3  2.67  873.7 2014.8  116.6
  38  20 -59    38  20  59    339  11097  1293  1.22  1.00p  I-  0.562  0.313   -0.6  2.67 2193.6 2022.4  101.6
 -38  20  59    38  20  59    197  12828  1619  1.31  0.99p  I-  0.902  0.368    0.8  2.67  730.8 1468.2   58.8
                    Weighted mean  11716

  41 -38  17    41  38  17     45  57064  2168  2.19  1.38f *I-  1.222  0.316   15.5  3.11 2215.1 1472.2   13.4
  41  38  17    41  38  17    392  21242  1597  1.33  1.01p  I+  0.539  0.102    0.1  3.11 1334.2 2202.0  117.6
 -41 -38  17    41  38  17    138  24290  2051  1.43  1.03p  I+  1.183  0.100    1.7  3.11 1338.8  893.6   41.1
  41  38 -17    41  38  17    335  18786  1614  1.25  0.98p  I-  0.575  0.099   -1.7  3.11 1730.6 2204.4  100.4
  41 -38 -17    41  38  17    146  21376  2122  1.34  1.00p  I+  1.137  0.316    0.1  3.11 2215.0 1474.2   43.5
 -41  38  17    41  38  17     84  21500  2156  1.34  1.03p  I-  1.188  0.316    0.2  3.11  856.8 1623.7   24.9
                    Weighted mean  21150

 -42  18  40    42  18  40    160  19930  1620  1.29  1.31f  I-  1.039  0.314    3.1  3.11  863.4 1423.2   47.8
  42  18  40    42  18  40    436  15225  1383  1.13  0.98p  I+  0.601  0.243   -0.2  3.11 1035.5 2015.8  130.7
 -42 -18  40    42  18  40    207  17206  1663  1.20  1.02p  I+  0.882  0.242    1.2  3.11 1039.3 1077.7   62.0
  42  18 -40    42  18  40    292  11868  1284  1.00  1.00p  I-  0.521  0.241   -3.4  3.11 2032.0 2020.8   87.3
  42 -18 -40    42  18  40    223  25941  1556  1.47  0.99p *I+  0.803  0.314    6.1  3.11 2208.6 1674.9   66.6
                    Weighted mean  15478

  42  44  71    42  44  71    327   1067   932  0.70  1.02p  I+  0.587  0.373    0.4  2.07  766.9 2316.5   97.9
 -42 -44  71    42  44  71    272    536   848  0.49  1.00p  I+  0.611  0.370   -0.3  2.07  775.0  774.2   81.3
  42  44 -71    42  44  71    402  11878  1251  2.33  1.01p *I-  0.589  0.370    8.1  2.07 2297.0 2326.2  120.5
 -42  44  71    42  44  71    171    675  1293  0.55  1.04p  I-  1.067  0.470   -0.1  2.07  458.6 1680.5   51.3
                    Weighted mean    757

  45 -24 -39    45  24  39    211   4458   912  0.61  1.01f  I+  0.867  0.336    1.0  2.92 2263.2 1639.1   63.1
  45  24  39    45  24  39    427  13503  1023  1.06  1.00p *I+  0.570  0.238    8.8  2.92 1051.0 2098.7  128.0
 -45 -24  39    45  24  39    201   3679  1093  0.56  1.00p  I+  0.912  0.236    0.0  2.92 1055.6  994.9   60.2
  45  24 -39    45  24  39    300   2630   735  0.47  0.99p  I-  0.519  0.236   -1.8  2.92 2015.5 2103.7   90.0
 -45  24  39    45  24  39    145   4655  1111  0.62  1.00p  I-  1.089  0.336    1.0  2.92  808.8 1459.1   43.2
                    Weighted mean   3633

 -46  54   3    46  54   3     33   3906  1169  0.87  1.36f  I-  1.216  0.379   -0.2  2.55  706.0 1748.3    9.7
  46 -54   3    46  54   3     96   4768  1242  0.96  1.17f  I-  1.285  0.379    0.7  2.55 2365.8 1349.1   28.6
  46 -54  -3    46  54   3    111  17967  1453  1.87  0.97p *I+  1.284  0.379    8.6  2.55 2365.8 1349.4   33.0
 -46  54  -3    46  54   3     18   3574  1259  0.83  1.00p  I+  1.198  0.379   -0.5  2.55  705.7 1748.7    5.3
                    Weighted mean   4079

 -47 -11  50    47  11  50    201     99   869  0.11  1.06f  I+  0.904  0.308   -0.9  2.75  890.8 1102.2   60.1
  47  11  50    47  11  50    442   1907   665  0.50  0.99p  I+  0.639  0.309    2.0  2.75  887.2 1990.3  132.5
  47  11 -50    47  11  50    286   6342   685  0.92  1.01p *I-  0.533  0.307    7.1  2.75 2181.0 1996.6   85.5
  47 -11 -50    47  11  50    249    -88   693  0.00  0.98p  I+  0.690  0.347   -1.5  2.75 2285.4 1781.9   74.5
 -47  11  50    47  11  50    176    867   776  0.34  1.06p  I-  0.995  0.347    0.1  2.75  786.8 1316.7   52.5
                    Weighted mean    778

  48 -46  -9    48  46   9    123  22161  2166  1.72  1.06f  I+  1.231  0.364   -2.7  2.69 2330.6 1444.3   36.8
  48  46   9    48  46   9    138  26567  2123  1.88  1.01p  I+  1.237  0.056   -0.5  2.69 1643.4 2344.6   41.4
  48  46   9    48  46   9    372  31311  1639  2.04  0.99p  I+  0.565  0.056    2.7  2.69 1428.2 2343.5  111.5
  48  46  -9    48  46   9    356  16118  1642  1.47  1.01p *I-  0.585  0.052   -6.2  2.69 1634.9 2344.8  106.5
 -48  46   9    48  46   9     51  25534  2189  1.84  1.00p  I-  1.238  0.364   -1.0  2.69  741.4 1653.6   15.2
 -48  46  -9    48  46   9      6  28241  2101  1.94  1.01p  I+  1.111  0.364    0.4  2.69  740.9 1654.8    1.5
  48 -46   9    48  46   9     77  28233  2247  1.94  1.02p  I-  1.260  0.364    0.4  2.69 2330.6 1443.2   23.1
                    Weighted mean  27484

 -49  44  17    49  44  17     71   -318  1017  0.00  1.55f  I-  1.236  0.368   -0.8  2.67  730.0 1626.5   21.1
  49  44  17    49  44  17     34    514   905  0.26  1.01p  I+  1.313  0.109    0.1  2.67 1745.2 2331.9   10.1
  49  44  17    49  44  17    389  15946   670  1.46  1.00p *I+  0.551  0.108   20.2  2.67 1326.9 2331.6  116.5
 -49 -44  17    49  44  17     89    482   919  0.25  1.02p  I+  1.334  0.106    0.0  2.67 1331.3  764.3   26.7
  49  44 -17    49  44  17    339    429   634  0.24  1.00p  I-  0.591  0.104   -0.0  2.67 1736.8 2334.2  101.4
  49 -44 -17    49  44  17    143    792  1193  0.32  1.02p  I+  1.171  0.368    0.3  2.67 2342.2 1471.6   42.9
  49 -44  17    49  44  17     58   1031  1204  0.37  1.01p  I-  1.280  0.368    0.5  2.67 2342.1 1469.4   17.2
                    Weighted mean    445

  50 -45  12    50  45  12     71  19265  2096  1.60  1.41f  I-  1.276  0.371   -0.2  2.65 2349.4 1467.1   21.1
  50  45  12    50  45  12     92  23621  2062  1.77  1.00p  I+  1.340  0.086    2.1  2.65 1699.4 2351.0   27.5
  50  45  12    50  45  12    397  30523  1544  2.02  0.99p *I+  0.550  0.085    6.3  2.65 1372.3 2350.0  119.1
 -50 -45  12    50  45  12     30  21135  2040  1.68  1.01p  I+  1.348  0.084    0.8  2.65 1375.0  747.2    8.8
  50  45 -12    50  45  12    329  15539  1532  1.44  1.02p  I-  0.589  0.082   -3.1  2.65 1692.3 2351.9   98.6
  50 -45 -12    50  45  12    131  22691  2168  1.74  0.99p  I+  1.209  0.371    1.5  2.65 2349.3 1468.5   39.1
 -50  45  12    50  45  12     58  18955  2163  1.59  1.01p  I-  1.253  0.371   -0.3  2.65  722.8 1629.5   17.2
                    Weighted mean  19618

 -52  -3  53    52   3  53    184    337  1118  0.26  1.01p  I+  0.982  0.348    0.1  2.56  794.0 1140.1   55.0
  52   3 -53    52   3  53    269   7844   705  1.23  1.00p *I-  0.569  0.348    9.1  2.56 2278.3 1959.0   80.6
  52  -3 -53    52   3  53    260   -153   609  0.00  1.00p  I+  0.614  0.358   -1.0  2.56 2308.0 1899.8   77.8
 -52   3  53    52   3  53    178    895   808  0.42  1.03p  I-  1.002  0.358    1.0  2.56  764.6 1199.1   53.2
                    Weighted mean    244

  52  28  61    52  28  61    394  46744  1759  3.45  1.01p *I+  0.533  0.349   20.2  2.25  812.6 2214.2  118.0
 -52 -28  61    52  28  61    219   7349  1770  1.37  0.89p  I+  0.864  0.347    0.1  2.25  819.0  877.3   65.5
  52  28 -61    52  28  61    334   7829  1550  1.41  0.98p  I-  0.584  0.346    0.5  2.25 2252.8 2222.6  100.1
  52 -28 -61    52  28  61    249   5721  1665  1.21  0.95p  I+  0.698  0.433   -1.0  2.25 2513.2 1656.3   74.4
 -52  28  61    52  28  61    162   7958  2003  1.43  1.00p  I-  1.076  0.433    0.4  2.25  560.0 1442.6   48.6
                    Weighted mean   7174

  52  49   4    52  49   4    257  23719  1629  2.14  1.02p  I+  0.678  0.029   -1.4  2.52 1590.2 2411.8   76.9
  52  49   4    52  49   4    371  27795  1538  2.32  0.99p  I+  0.574  0.028    1.6  2.52 1481.7 2411.0  111.0
  52  49  -4    52  49   4    356  13685  1547  1.63  1.02p *I-  0.590  0.024   -6.9  2.52 1581.6 2411.7  106.8
  52 -49  -4    52  49   4    112  25554  2260  2.23  0.98p  I+  1.277  0.388   -0.0  2.52 2392.8 1442.3   33.5
 -52  49   4    52  49   4     35  24892  2160  2.20  1.01p  I-  1.210  0.388   -0.4  2.52  679.0 1655.7   10.5
 -52  49  -4    52  49   4     16  25045  2108  2.20  0.99p  I+  1.183  0.388   -0.3  2.52  678.7 1656.2    4.8
  52 -49   4    52  49   4     93  26385  2254  2.26  1.02p  I-  1.277  0.388    0.3  2.52 2392.8 1441.9   27.8
                    Weighted mean  25654

  54  25  72    54  25  72    390 111276  2403  7.12  1.01p *I+  0.536  0.406   40.6  2.07  674.1 2211.7  116.8
 -54 -25  72    54  25  72    221   1959  2434  0.95  1.01p  I+  0.858  0.404   -0.5  2.07  680.7  878.6   66.3
  54  25 -72    54  25  72    339   3563  2191  1.27  0.98p  I-  0.591  0.403    0.2  2.07 2391.9 2221.8  101.4
  54 -25 -72    54  25  72    269   3632  2128  1.29  1.00p  I+  0.570  0.469    0.3  2.07 2613.0 1705.5   80.4
 -54  25  72    54  25  72    174   3059  2595  1.18  0.98p  I-  1.049  0.469   -0.0  2.07  460.9 1393.7   52.1
                    Weighted mean   3120

  55  25  72    55  25  72    391  18599  1118  2.91  1.01p *I+  0.536  0.408   13.1  2.05  668.8 2220.5  117.2
 -55 -25  72    55  25  72    219   1722  1286  0.89  0.92p  I+  0.874  0.406   -0.3  2.05  675.4  869.8   65.5
  55  25 -72    55  25  72    337    895  1114  0.64  1.01p  I-  0.592  0.406   -1.2  2.05 2397.1 2230.7  101.0
  55 -25 -72    55  25  72    268   2753  1037  1.12  1.00p  I+  0.575  0.472    0.8  2.05 2621.6 1713.4   80.2
 -55  25  72    55  25  72    173   2990  1398  1.17  0.99p  I-  1.057  0.472    0.7  2.05  452.4 1385.9   51.6
                    Weighted mean   2052

  55 -36 -55    55  36  55    229   1045   967  0.59  1.23f  I+  0.782  0.444   -0.3  2.20 2543.7 1597.5   68.6
  55  36  55    55  36  55    386  14508  1056  2.21  0.98p *I+  0.541  0.320   11.1  2.20  887.9 2321.5  115.7
 -55 -36  55    55  36  55    208   1172  1093  0.63  1.03p  I+  0.946  0.318   -0.1  2.20  895.0  770.6   62.2
  55  36 -55    55  36  55    342   1216  1098  0.64  1.00p  I-  0.598  0.317   -0.1  2.20 2176.3 2329.3  102.5
 -55  36  55    55  36  55    141   2294  1477  0.88  1.02p  I-  1.157  0.444    0.7  2.20  529.9 1501.3   42.3
                    Weighted mean   1302

  56 -48 -14    56  48  14    136  11587  1692  1.50  1.42f  I+  1.221  0.407   -0.8  2.41 2442.7 1481.5   40.7
 -56  48  14    56  48  14     56  11265  1695  1.48  1.37f  I-  1.263  0.407   -1.0  2.41  629.9 1616.9   16.6
  56  48  14    56  48  14     98  14851  1677  1.70  1.02p  I+  1.382  0.104    1.3  2.41 1733.0 2438.0   29.1
  56  48  14    56  48  14    399  21496  1251  2.04  0.99p *I+  0.554  0.104    6.2  2.41 1338.8 2436.8  119.7
 -56 -48  14    56  48  14     25  18713  1651  1.90  1.02p  I+  1.369  0.102    3.9  2.41 1341.8  660.4    7.4
  56  48 -14    56  48  14    327   9586  1189  1.36  1.02p  I-  0.597  0.100   -3.3  2.41 1725.1 2439.1   98.0
  56 -48  14    56  48  14     73  14273  1834  1.66  1.00p  I-  1.294  0.407    0.8  2.41 2442.9 1479.7   21.7
                    Weighted mean  12843

  59 -50 -12    59  50  12    132  19130  2230  2.21  1.28f  I+  1.244  0.424   -0.9  2.31 2489.1 1482.9   39.5
  59  50  12    59  50  12    132  20653  2179  2.30  1.02p  I+  1.307  0.098   -0.2  2.31 1719.5 2488.2   39.3
  59  50  12    59  50  12    402  33128  1691  2.91  0.97p *I+  0.557  0.097    6.3  2.31 1352.5 2486.8  120.4
  59  50 -12    59  50  12    324  19148  1654  2.21  0.99p  I-  0.594  0.094   -1.4  2.31 1711.5 2488.7   97.1
 -59  50  12    59  50  12     48  23946  2312  2.47  0.97p  I-  1.248  0.424    1.4  2.31  583.3 1615.5   14.4
  59 -50  12    59  50  12     80  24301  2349  2.49  1.00p  I-  1.293  0.424    1.5  2.31 2489.2 1481.4   23.9
                    Weighted mean  21020

 -63  50  21    63  50  21     63   1641   877  0.74  1.14f  I-  1.286  0.448    0.6  2.18  517.0 1585.8   18.8
  63  50  21    63  50  21     66   1792   788  0.78  1.00p  I+  1.444  0.154    0.8  2.18 1824.7 2529.2   19.7
  63  50  21    63  50  21    399   1778   750  0.78  1.00p  I+  0.556  0.154    0.9  2.18 1247.3 2528.0  119.6
 -63 -50  21    63  50  21     58    378   685  0.36  0.99p  I+  1.470  0.151   -1.3  2.18 1251.7  568.0   17.2
  63  50 -21    63  50  21    328    780   469  0.51  1.00p  I-  0.606  0.149   -1.1  2.18 1815.7 2531.4   98.3
  63 -50 -21    63  50  21    152   2436  1159  0.91  1.04p  I+  1.200  0.448    1.1  2.18 2556.1 1512.6   45.3
  63 -50  21    63  50  21     65   9847  1168  1.82  1.01p *I-  1.327  0.448    7.2  2.18 2556.1 1509.9   19.5
                    Weighted mean   1185

  64 -45  43    64  45  43     25  10204  1852  2.16  1.49f  I-  1.206  0.472   -0.5  2.07 2623.6 1567.1    7.4
  64  45  43    64  45  43    390  33595  1526  3.91  0.99p *I+  0.551  0.275   13.0  2.07 1002.5 2495.4  116.9
 -64 -45  43    64  45  43    156  11429  1927  2.28  1.01p  I+  1.238  0.272    0.2  2.07 1010.0  597.9   46.6
  64  45 -43    64  45  43    338  10328  1520  2.17  1.01p  I-  0.612  0.271   -0.6  2.07 2060.0 2501.9  101.2
  64 -45 -43    64  45  43    197  11027  1878  2.24  0.99p  I+  0.974  0.472   -0.0  2.07 2622.6 1572.8   58.9
 -64  45  43    64  45  43    103  12977  2046  2.43  1.02p  I-  1.279  0.472    1.0  2.07  451.2 1525.9   30.9
                    Weighted mean  11048

 -64  55   5    64  55   5     29  27450  2136  3.05  1.32f  I-  1.221  0.458    0.3  2.13  491.0 1630.8    8.5
 -64  55  -5    64  55   5      9  28721  2050  3.12  1.45f  I+  1.132  0.458    1.0  2.13  490.6 1631.4    2.5
  64  55   5    64  55   5    251  25374  1698  2.93  1.03p  I+  0.731  0.054   -1.0  2.13 1633.8 2594.3   75.0
  64  55  -5    64  55   5    335  15018  1575  2.25  0.99p *I-  0.614  0.050   -6.5  2.13 1626.3 2594.3  100.3
  64 -55  -5    64  55   5    120  27478  2380  3.05  1.01p  I+  1.313  0.458    0.3  2.13 2581.6 1467.7   35.7
  64 -55   5    64  55   5    100  25666  2398  2.94  1.02p  I-  1.341  0.458   -0.5  2.13 2581.5 1467.1   29.8
                    Weighted mean  26824

  65  53  13    65  53  13    144   5497  1253  1.36  1.00p  I+  1.288  0.112   -1.0  2.13 1741.6 2582.0   42.9
  65  53  13    65  53  13    401  13605   987  2.14  0.97p *I+  0.562  0.111    6.1  2.13 1330.5 2580.3  120.3
  65  53 -13    65  53  13    325   5544   893  1.37  1.00p  I-  0.602  0.107   -1.6  2.13 1733.0 2582.5   97.3
  65 -53 -13    65  53  13    136   9175  1608  1.76  1.04p  I+  1.262  0.459    1.7  2.13 2586.3 1496.2   40.5
 -65  53  13    65  53  13     45   9831  1510  1.82  1.00p  I-  1.246  0.459    2.3  2.13  486.8 1602.3   13.3
  65 -53  13    65  53  13     84   6096  1572  1.44  1.00p  I-  1.318  0.459   -0.4  2.13 2586.2 1494.5   25.0
                    Weighted mean   6658

  69  33  25    69  33  25     42   2366  1195  0.78  1.03p  I+  1.348  0.257   -0.1  2.25 2039.6 2394.3   12.6
 -69 -33  25    69  33  25     84   1710  1186  0.66  0.99p  I+  1.367  0.255   -0.7  2.25 1035.9  702.2   16.7
  69  33 -25    69  33  25    245   2210  1028  0.75  1.00p  I-  0.750  0.254   -0.3  2.25 2034.2 2397.7   73.4
  69 -33 -25    69  33  25    162   4393  1299  1.06  1.04p  I+  1.157  0.430    1.6  2.25 2502.3 1729.9   48.4
 -69  33  25    69  33  25     75  23124  1337  2.43  0.95p *I-  1.258  0.430   14.3  2.25  570.7 1369.1   22.3
  69 -33  25    69  33  25     54   2023  1332  0.72  1.03p  I-  1.303  0.431   -0.4  2.25 2503.4 1726.6   15.9
                    Weighted mean   2478

  71 -32  17    71  32  17     71   3942  1233  1.00  1.34f  I-  1.322  0.428   -0.9  2.26 2494.8 1752.1   21.1
  71  32  17    71  32  17     76  17954  1476  2.14  0.97p *I+  1.407  0.250    8.2  2.26 2024.6 2399.4   22.8
 -71 -32  17    71  32  17     50   4347  1202  1.05  1.02p  I+  1.391  0.249   -0.6  2.26 1048.7  698.9   14.8
  71  32 -17    71  32  17    214   5169  1137  1.15  1.00p  I-  0.913  0.248    0.2  2.26 2021.1 2401.6   64.0
  71 -32 -17    71  32  17    145   5663  1415  1.20  1.00p  I+  1.222  0.428    0.6  2.26 2494.0 1754.2   43.2
 -71  32  17    71  32  17     57   5935  1367  1.23  1.01p  I-  1.279  0.428    0.8  2.26  578.6 1344.8   17.0
                    Weighted mean   4942

  74 -24 -18    74  24  18    149   2030   980  0.72  1.49f  I+  1.220  0.421   -0.1  2.25 2469.3 1857.7   44.5
 -74  24  18    74  24  18     59   1562   955  0.63  1.35f  I-  1.290  0.421   -0.6  2.25  603.3 1241.6   17.6
  74 -24  18    74  24  18     69   1350   991  0.59  1.40f  I-  1.336  0.421   -0.9  2.25 2470.3 1855.5   20.6
  74  24  18    74  24  18     71  11559  1190  1.72  1.02p *I+  1.412  0.292    7.4  2.25 2119.4 2341.3   21.3
 -74 -24  18    74  24  18     55   2594   981  0.81  1.01p  I+  1.388  0.291    0.6  2.25  954.2  756.6   16.5
  74  24 -18    74  24  18    196   3158  1061  0.90  1.00p  I-  1.010  0.291    1.1  2.25 2116.3 2343.4   58.6
                    Weighted mean   2105

 -76 -13  21    76  13  21     66   1331   837  0.58  1.06f  I+  1.361  0.338   -0.0  2.25  842.3  852.9   19.7
  76 -13  21    76  13  21     62    512  1059  0.36  1.31f  I-  1.354  0.405   -0.9  2.25 2419.2 1981.5   18.5
  76  13  21    76  13  21     61  11399  1037  1.71  1.01p *I+  1.400  0.338    8.9  2.25 2231.7 2244.6   18.2
  76  13 -21    76  13  21    185   3156  1046  0.90  1.02p  I-  1.076  0.337    1.9  2.25 2229.0 2247.2   55.5
  76 -13 -21    76  13  21    161    487  1270  0.35  1.00p  I+  1.185  0.404   -0.7  2.25 2417.7 1984.2   48.1
 -76  13  21    76  13  21     66    856  1072  0.47  1.00p  I-  1.304  0.405   -0.5  2.25  654.4 1115.4   19.6
                    Weighted mean   1331

 -77   4  -2    77   4   2      9    768   693  0.44  1.31f  I+  1.178  0.373   -0.7  2.31  741.7 1022.2    2.5
  77   4   2    77   4   2    112   1263  1053  0.57  1.01p  I+  1.372  0.351    0.1  2.31 2269.3 2158.8   33.4
 -77  -4  -2    77   4   2      5   9668   798  1.57  1.01p *I-  1.163  0.351    9.8  2.31  801.3  941.9    1.2
 -77  -4   2    77   4   2     16    792   805  0.45  1.01p  I+  1.243  0.351   -0.5  2.31  801.5  941.6    4.5
  77   4  -2    77   4   2    123   1464  1040  0.61  1.00p  I-  1.339  0.351    0.3  2.31 2269.0 2159.1   36.7
  77  -4  -2    77   4   2    119   2272  1087  0.76  0.98p  I+  1.340  0.372    1.1  2.31 2328.9 2078.6   35.4
 -77   4   2    77   4   2     19   1068   837  0.52  1.01p  I-  1.241  0.373   -0.1  2.31  742.2 1021.8    5.6
  77  -4   2    77   4   2    108   1473  1069  0.61  1.00p  I-  1.369  0.373    0.3  2.31 2329.2 2078.2   32.4
                    Weighted mean   1168

  77  -6  21    77   6  21     62   7834  1620  1.41  1.13f  I-  1.367  0.392   -1.2  2.25 2379.2 2060.0   18.5
  77   6  21    77   6  21     62  11617  1625  1.72  1.02p  I+  1.389  0.361    1.4  2.25 2292.6 2181.5   18.4
 -77  -6  21    77   6  21     66   9884  1595  1.59  1.01p  I+  1.345  0.361    0.2  2.25  781.3  915.8   19.6
  77   6 -21    77   6  21    176   8977  1497  1.51  0.97p  I-  1.121  0.361   -0.5  2.25 2290.3 2184.3   52.8
  77  -6 -21    77   6  21    165   9869  1678  1.59  1.02p  I+  1.174  0.391    0.2  2.25 2377.5 2062.7   49.5
 -77   6  21    77   6  21     66  21239  1655  2.33  1.01p *I-  1.318  0.392    6.4  2.25  694.6 1037.1   19.5
                    Weighted mean   9610

  77 -33 -23    77  33  23    158    449  1038  0.45  1.06f  I+  1.207  0.463   -2.2  2.08 2589.6 1794.1   47.2
  77  33  23    77  33  23     66   4238  1312  1.39  1.00p  I+  1.458  0.290    1.4  2.08 2101.6 2472.0   19.7
 -77 -33  23    77  33  23     60   3252  1011  1.22  0.98p  I+  1.446  0.288    0.9  2.08  973.0  625.6   18.0
  77  33 -23    77  33  23    231   2401   817  1.05  0.98p  I-  0.818  0.288   -0.1  2.08 2096.8 2474.9   69.0
 -77  33  23    77  33  23     63   2831  1227  1.14  0.98p  I-  1.303  0.463    0.3  2.08  483.7 1305.4   18.6
  77 -33  23    77  33  23     66  12631  1323  2.40  1.01p *I-  1.352  0.463    7.2  2.08 2590.4 1791.0   19.5
                    Weighted mean   2482

  83 -16  -8    83  16   8    132   6614  1594  1.74  1.34f  I+  1.319  0.435   -0.4  2.10 2495.1 2012.7   39.4
  83  16   8    83  16   8    108   5861  1731  1.63  1.02p  I+  1.443  0.350   -0.8  2.10 2249.7 2340.7   32.2
 -83 -16   8    83  16   8     19   7918  1431  1.90  1.02p  I+  1.304  0.351    0.6  2.10  821.9  759.6    5.6
  83  16  -8    83  16   8    153   9109  1635  2.04  1.03p  I-  1.278  0.350    1.3  2.10 2248.6 2341.8   45.8
 -83  16   8    83  16   8     31   6014  1552  1.66  0.99p  I-  1.252  0.435   -0.8  2.10  576.7 1087.9    9.0
  83 -16   8    83  16   8     97  29706  1927  3.68  1.03p *I-  1.385  0.435   11.0  2.10 2495.6 2011.7   29.0
                    Weighted mean   7147
