# Scales from SCALA on 13/ 2/13 at 10:07:07
NUMRUN      1
RUN      1 NBFACT      8     1 NSCALES     28     1     1     1 NTAILS      0 NSRF    35
BSPACING     20.00000
BFACTOR   1     0.17152     0.01950
BFACTOR   2    -1.26416     0.01877
BFACTOR   3    -1.38751     0.01545
BFACTOR   4    -0.40972     0.01468
BFACTOR   5    -0.21250     0.01425
BFACTOR   6    -0.76452     0.01625
BFACTOR   7    -0.48177     0.02067
BFACTOR   8    -1.85381     0.03158
GSPACING     1.00000     1.00000     5.00000
SCALE    1   1     1.00000     0.00164
SCALE    2   1     0.81989     0.00154
SCALE    3   1     0.90343     0.00150
SCALE    4   1     0.86348     0.00151
SCALE    5   1     0.85655     0.00164
SCALE    6   1     0.92217     0.00164
SCALE    7   1     0.87135     0.00156
SCALE    8   1     0.90409     0.00156
SCALE    9   1     0.93906     0.00158
SCALE   10   1     0.95674     0.00161
SCALE   11   1     0.98883     0.00164
SCALE   12   1     1.03592     0.00175
SCALE   13   1     1.13268     0.00185
SCALE   14   1     1.18166     0.00199
SCALE   15   1     1.41179     0.00210
SCALE   16   1     1.35783     0.00232
SCALE   17   1     1.90653     0.00256
SCALE   18   1     1.84928     0.00280
SCALE   19   1     2.12247     0.00284
SCALE   20   1     1.91726     0.00293
SCALE   21   1     1.88704     0.00291
SCALE   22   1     1.88246     0.00295
SCALE   23   1     1.94021     0.00315
SCALE   24   1     1.94690     0.00320
SCALE   25   1     1.94003     0.00322
SCALE   26   1     1.96061     0.00309
SCALE   27   1     1.72047     0.00305
SCALE   28   1     1.51541     0.00295
SURFACE    35    5    1    2    2
  -0.02273   0.00801  -0.01539  -0.00245   0.01079  -0.00724   0.00727   0.01957
  -0.02482  -0.00421  -0.00015  -0.01082   0.01213  -0.01295   0.01550  -0.01087
   0.00748  -0.00675  -0.00304   0.00279  -0.00845   0.00471   0.00360   0.01667
   0.00371  -0.00713   0.00581  -0.00001  -0.01958  -0.00723  -0.00068  -0.00277
   0.03930  -0.04596   0.02281
SRFCOUNT 
       8       0       0       0       0       0       0       0       0       0
       0       0       0       0       0       0       0       0       0       0
       0       0       0       0       0       0       0       0       0       0
       0       0       0       0       0       0       0       0       0       0
       0       0       0       0       0       0       0       0       0       0
       0       0       0       0       0       0       0       0       0       0
       0       0       0       0       0       0       0       0       0       0
       0       0       0       0       0       0       0       0       0       0
       0       0       0       0       0       0       0       0       0       0
       0       0       0       0       0       0       0       0       0       0
       0       0       0       0       0       0       0       0       0       0
       0     548     142       0       0       0       0       0       0       0
       0       0       0       0       0       0       0       0       0       0
       0       0       0     586    1554    3047    3474    3117    2427    2679
    2989    2982    2844    2700    2757    2726    2592     796   25836   37699
   13147     214       0       0       0       0       0       0       0       0
       0       0       0       0       0       0       0       0    4474   32238
   61599   74635  102933  131729  132940  125308  123515  119892  115292  112612
  110593  108995   95905   71080   28413   35887   62066   35328    3060       0
       0       0       0       0       0       0       0       0       0       0
       0       0       0       0       0   19060   62451   84428   89411  111220
  153052  168717  163322  159071  157817  154189  151209  149017  143691  111025
   84479   37255   25795   37622   13163     218       0       0       0       0
       0       0       0       0       0       0       0       0       0       0
       0       0    4459   32005   61425   74643  102544  131402  132480  124618
  122828  119389  114947  112393  110559  108953   95664   70853   28150     545
     146       0       0       0       0       0       0       0       0       0
       0       0       0       0       0       0       0       0       0       0
       2     614    1604    3230    3559    3338    2520    2846    3083    3013
    2764    2761    2767    2789    2580     863       0       0       0       0
       0       0       0       0       0       0       0       0       0       0
       0       0       0       0       0       0       0       0       0       0
       0       0       0       0       0       0       0       0       0       0
       0       0       0       0       0       0       0       0       0       0
       0       0       0       0       0       0       0       0       0       0
       0       0       0       0       0       0       0       0       0       0
       0       0       0       0       0       0       0       0       0       0
       0       0       0       0       0       0       0       0       0       0
       0       0       0       0       0       0       0       0       0       0
       0       0       0       0       0       0       0       0       0       0
       0       0       0       0       0       0       0
