(5, 22, 0)  0.21484 -0.03750
(6, 22, 0)  0.03229 -0.01469
(-23, 22, 1)  0.03025 -0.01405
(-22, 2, 1)  0.21439 -0.04477
(14, 22, 1)  0.27944 -0.03752
(-28, 1, 2)  0.14940 -0.02253
(-14, 37, 2)  0.09081 -0.02295
(22, 9, 2)  0.01461 -0.00326
(22, 13, 2)  0.16022 -0.01489
(22, 14, 2)  0.14202 -0.01501
(-32, 1, 3)  0.14223 -0.04678
(-32, 23, 3)  0.02211 -0.01415
(8, 41, 3)  0.22109 -0.05714
(22, -4, 3)  0.01421 -0.00002
(-27, -14, 4)  0.22445 -0.01961
(-7, -22, 4)  0.02149  0.00183
(0, -22, 4)  0.09767  0.00914
(2, -22, 4)  0.16181  0.01428
(22, 34, 4)  0.14602 -0.00967
(-5, -26, 5)  0.22157  0.01447
(31, -1, 5)  0.22214  0.00710
(-29, -21, 6)  0.22569 -0.01421
(-23, -25, 6)  0.14206 -0.00223
(36, 18, 6)  0.28225 -0.00814
(-47, 21, 7)  0.14117 -0.06221
(-46, 0, 7)  0.22714 -0.07015
(2, -32, 7)  0.12259  0.01484
(22, 49, 7)  0.03514 -0.02767
(38, 22, 7)  0.21440 -0.00621
(40, 14, 7)  0.00227  0.00010
(17, 54, 8)  0.14220 -0.02006
(-52, 22, 9)  0.14056 -0.06842
(-36, -25, 9)  0.14740 -0.02235
(22, 54, 9)  0.14551 -0.01774
(43, 26, 9)  0.22814 -0.01145
(43, -8, 10)  0.18141  0.02214
(47, 9, 10)  0.22778  0.01472
(47, 14, 10)  0.26224  0.00938
(-45, -22, 11)  0.01962 -0.01481
(3, -42, 11)  0.14227  0.02636
(-49, -22, 12)  0.16972 -0.01461
(-34, -36, 12)  0.22148 -0.00366
(22, -38, 12)  0.03602  0.01459
(-22, -44, 13)  0.21996  0.01423
(-14, -46, 13)  0.20220  0.02237
(47, -14, 13)  0.12245  0.01679
(52, 1, 13)  0.16322  0.01489
(-32, -41, 14)  0.02622  0.00145
(-23, -45, 14)  0.03107  0.00722
(-22, -46, 14)  0.25635  0.02163
(-21, -46, 14)  0.22663  0.02500
(8, -47, 14)  0.07373  0.02273
(14, -46, 14)  0.07950  0.02227
(18, -44, 14)  0.06518  0.02281
(22, -43, 14)  0.00279  0.00009
(22, -42, 14)  0.02483  0.01022
(45, -22, 14)  0.12589  0.02234
(55, 3, 14)  0.14974  0.02281
(-42, -37, 15)  0.22328 -0.01469
(8, -55, 18)  0.14223  0.04195
(22, -50, 18)  0.01141  0.00550
