     0.00000    250.10000   -180.00000    -60.0
     0.00000    250.10000    -60.00000    -59.9
     0.00000    250.10000     60.00000    -59.8
     0.00000    250.10000    180.00000    -59.7
     0.00000    250.10000    300.00000    -59.6
     0.00000    200.10000   -200.00000    -59.5
     0.00000    200.10000   -100.00000    -59.4
     0.00000    200.10000      0.00000    -59.3
     0.00000    200.10000    100.00000    -59.2
     0.00000    200.10000    200.00000    -59.1
     0.00000    200.10000    300.00000    -59.0
     0.00000    150.10000   -200.00000    -58.9
     0.00000    150.10000   -100.00000    -58.8
     0.00000    150.10000      0.00000    -58.7
     0.00000    150.10000    100.00000    -58.6
     0.00000    150.10000    200.00000    -58.5
     0.00000    150.10000    300.00000    -58.4
     0.00000    100.10000   -200.00000    -58.3
     0.00000    100.10000   -100.00000    -58.2
     0.00000    100.10000      0.00000    -58.1
     0.00000    100.10000    100.00000    -58.0
     0.00000    100.10000    200.00000    -57.9
     0.00000    100.10000    300.00000    -57.8
     0.00000     50.10000   -200.00000    -57.7
     0.00000     50.10000   -100.00000    -57.6
     0.00000     50.10000      0.00000    -57.5
     0.00000     50.10000    100.00000    -57.4
     0.00000     50.10000    200.00000    -57.3
     0.00000     50.10000    300.00000    -57.2
     0.00000      0.10000   -200.00000    -57.1
     0.00000      0.10000   -100.00000    -57.0
     0.00000      0.10000      0.00000    -56.9
     0.00000      0.10000    100.00000    -56.8
     0.00000      0.10000    200.00000    -56.7
     0.00000      0.10000    300.00000    -56.6
     0.00000    -49.90000   -200.00000    -56.5
     0.00000    -49.90000   -100.00000    -56.4
     0.00000    -49.90000      0.00000    -56.3
     0.00000    -49.90000    100.00000    -56.2
     0.00000    -49.90000    200.00000    -56.1
     0.00000    -49.90000    300.00000    -56.0
     0.00000    -99.90000   -200.00000    -55.9
     0.00000    -99.90000   -100.00000    -55.8
     0.00000    -99.90000      0.00000    -55.7
     0.00000    -99.90000    100.00000    -55.6
     0.00000    -99.90000    200.00000    -55.5
     0.00000    -99.90000    300.00000    -55.4
     0.00000   -149.90000   -200.00000    -55.3
     0.00000   -149.90000   -100.00000    -55.2
     0.00000   -149.90000      0.00000    -55.1
     0.00000   -149.90000    100.00000    -55.0
     0.00000   -149.90000    200.00000    -54.9
     0.00000   -149.90000    300.00000    -54.8
     0.00000   -199.90000   -200.00000    -54.7
     0.00000   -199.90000   -100.00000    -54.6
     0.00000   -199.90000      0.00000    -54.5
     0.00000   -199.90000    100.00000    -54.4
     0.00000   -199.90000    200.00000    -54.3
     0.00000   -199.90000    300.00000    -54.2
     0.00000   -249.90000   -214.28571    -54.1
     0.00000   -249.90000   -128.57143    -54.0
     0.00000   -249.90000    -42.85714    -53.9
     0.00000   -249.90000     42.85714    -53.8
     0.00000   -249.90000    128.57143    -53.7
     0.00000   -249.90000    214.28571    -53.6
     0.00000   -249.90000    300.00000    -53.5
     0.00000    250.10000   -214.28571    -53.4
     0.00000    250.10000   -128.57143    -53.3
     0.00000    250.10000    -42.85714    -53.2
     0.00000    250.10000     42.85714    -53.1
     0.00000    250.10000    128.57143    -53.0
     0.00000    250.10000    214.28571    -52.9
     0.00000    250.10000    300.00000    -52.8
     0.00000    200.10000   -214.28571    -52.7
     0.00000    200.10000   -128.57143    -52.6
     0.00000    200.10000    -42.85714    -52.5
     0.00000    200.10000     42.85714    -52.4
     0.00000    200.10000    128.57143    -52.3
     0.00000    200.10000    214.28571    -52.2
     0.00000    200.10000    300.00000    -52.1
     0.00000    150.10000   -214.28571    -52.0
     0.00000    150.10000   -128.57143    -51.9
     0.00000    150.10000    -42.85714    -51.8
     0.00000    150.10000     42.85714    -51.7
     0.00000    150.10000    128.57143    -51.6
     0.00000    150.10000    214.28571    -51.5
     0.00000    150.10000    300.00000    -51.4
     0.00000    100.10000   -214.28571    -51.3
     0.00000    100.10000   -128.57143    -51.2
     0.00000    100.10000    -42.85714    -51.1
     0.00000    100.10000     42.85714    -51.0
     0.00000    100.10000    128.57143    -50.9
     0.00000    100.10000    214.28571    -50.8
     0.00000    100.10000    300.00000    -50.7
     0.00000     50.10000   -214.28571    -50.6
     0.00000     50.10000   -128.57143    -50.5
     0.00000     50.10000    -42.85714    -50.4
     0.00000     50.10000     42.85714    -50.3
     0.00000     50.10000    128.57143    -50.2
     0.00000     50.10000    214.28571    -50.1
     0.00000     50.10000    300.00000    -50.0
     0.00000      0.10000   -214.28571    -49.9
     0.00000      0.10000   -128.57143    -49.8
     0.00000      0.10000    -42.85714    -49.7
     0.00000      0.10000     42.85714    -49.6
     0.00000      0.10000    128.57143    -49.5
     0.00000      0.10000    214.28571    -49.4
     0.00000      0.10000    300.00000    -49.3
     0.00000    -49.90000   -214.28571    -49.2
     0.00000    -49.90000   -128.57143    -49.1
     0.00000    -49.90000    -42.85714    -49.0
     0.00000    -49.90000     42.85714    -48.9
     0.00000    -49.90000    128.57143    -48.8
     0.00000    -49.90000    214.28571    -48.7
     0.00000    -49.90000    300.00000    -48.6
     0.00000    -99.90000   -214.28571    -48.5
     0.00000    -99.90000   -128.57143    -48.4
     0.00000    -99.90000    -42.85714    -48.3
     0.00000    -99.90000     42.85714    -48.2
     0.00000    -99.90000    128.57143    -48.1
     0.00000    -99.90000    214.28571    -48.0
     0.00000    -99.90000    300.00000    -47.9
     0.00000   -149.90000   -225.00000    -47.8
     0.00000   -149.90000   -150.00000    -47.7
     0.00000   -149.90000    -75.00000    -47.6
     0.00000   -149.90000      0.00000    -47.5
     0.00000   -149.90000     75.00000    -47.4
     0.00000   -149.90000    150.00000    -47.3
     0.00000   -149.90000    225.00000    -47.2
     0.00000   -149.90000    300.00000    -47.1
     0.00000   -199.90000   -225.00000    -47.0
     0.00000   -199.90000   -150.00000    -46.9
     0.00000   -199.90000    -75.00000    -46.8
     0.00000   -199.90000      0.00000    -46.7
     0.00000   -199.90000     75.00000    -46.6
     0.00000   -199.90000    150.00000    -46.5
     0.00000   -199.90000    225.00000    -46.4
     0.00000   -199.90000    300.00000    -46.3
     0.00000   -249.90000   -225.00000    -46.2
     0.00000   -249.90000   -150.00000    -46.1
     0.00000   -249.90000    -75.00000    -46.0
     0.00000   -249.90000      0.00000    -45.9
     0.00000   -249.90000     75.00000    -45.8
     0.00000   -249.90000    150.00000    -45.7
     0.00000   -249.90000    225.00000    -45.6
     0.00000   -249.90000    300.00000    -45.5
     0.00000    250.10000   -225.00000    -45.4
     0.00000    250.10000   -150.00000    -45.3
     0.00000    250.10000    -75.00000    -45.2
     0.00000    250.10000      0.00000    -45.1
     0.00000    250.10000     75.00000    -45.0
     0.00000    250.10000    150.00000    -44.9
     0.00000    250.10000    225.00000    -44.8
     0.00000    250.10000    300.00000    -44.7
     0.00000    200.10000   -225.00000    -44.6
     0.00000    200.10000   -150.00000    -44.5
     0.00000    200.10000    -75.00000    -44.4
     0.00000    200.10000      0.00000    -44.3
     0.00000    200.10000     75.00000    -44.2
     0.00000    200.10000    150.00000    -44.1
     0.00000    200.10000    225.00000    -44.0
     0.00000    200.10000    300.00000    -43.9
     0.00000    150.10000   -225.00000    -43.8
     0.00000    150.10000   -150.00000    -43.7
     0.00000    150.10000    -75.00000    -43.6
     0.00000    150.10000      0.00000    -43.5
     0.00000    150.10000     75.00000    -43.4
     0.00000    150.10000    150.00000    -43.3
     0.00000    150.10000    225.00000    -43.2
     0.00000    150.10000    300.00000    -43.1
     0.00000    100.10000   -225.00000    -43.0
     0.00000    100.10000   -150.00000    -42.9
     0.00000    100.10000    -75.00000    -42.8
     0.00000    100.10000      0.00000    -42.7
     0.00000    100.10000     75.00000    -42.6
     0.00000    100.10000    150.00000    -42.5
     0.00000    100.10000    225.00000    -42.4
     0.00000    100.10000    300.00000    -42.3
     0.00000     50.10000   -225.00000    -42.2
     0.00000     50.10000   -150.00000    -42.1
     0.00000     50.10000    -75.00000    -42.0
     0.00000     50.10000      0.00000    -41.9
     0.00000     50.10000     75.00000    -41.8
     0.00000     50.10000    150.00000    -41.7
     0.00000     50.10000    225.00000    -41.6
     0.00000     50.10000    300.00000    -41.5
     0.00000      0.10000   -225.00000    -41.4
     0.00000      0.10000   -150.00000    -41.3
     0.00000      0.10000    -75.00000    -41.2
     0.00000      0.10000      0.00000    -41.1
     0.00000      0.10000     75.00000    -41.0
     0.00000      0.10000    150.00000    -40.9
     0.00000      0.10000    225.00000    -40.8
     0.00000      0.10000    300.00000    -40.7
     0.00000    -49.90000   -233.33333    -40.6
     0.00000    -49.90000   -166.66667    -40.5
     0.00000    -49.90000   -100.00000    -40.4
     0.00000    -49.90000    -33.33333    -40.3
     0.00000    -49.90000     33.33333    -40.2
     0.00000    -49.90000    100.00000    -40.1
     0.00000    -49.90000    166.66667    -40.0
     0.00000    -49.90000    233.33333    -39.9
     0.00000    -49.90000    300.00000    -39.8
     0.00000    -99.90000   -233.33333    -39.7
     0.00000    -99.90000   -166.66667    -39.6
     0.00000    -99.90000   -100.00000    -39.5
     0.00000    -99.90000    -33.33333    -39.4
     0.00000    -99.90000     33.33333    -39.3
     0.00000    -99.90000    100.00000    -39.2
     0.00000    -99.90000    166.66667    -39.1
     0.00000    -99.90000    233.33333    -39.0
     0.00000    -99.90000    300.00000    -38.9
     0.00000   -149.90000   -233.33333    -38.8
     0.00000   -149.90000   -166.66667    -38.7
     0.00000   -149.90000   -100.00000    -38.6
     0.00000   -149.90000    -33.33333    -38.5
     0.00000   -149.90000     33.33333    -38.4
     0.00000   -149.90000    100.00000    -38.3
     0.00000   -149.90000    166.66667    -38.2
     0.00000   -149.90000    233.33333    -38.1
     0.00000   -149.90000    300.00000    -38.0
     0.00000   -199.90000   -233.33333    -37.9
     0.00000   -199.90000   -166.66667    -37.8
     0.00000   -199.90000   -100.00000    -37.7
     0.00000   -199.90000    -33.33333    -37.6
     0.00000   -199.90000     33.33333    -37.5
     0.00000   -199.90000    100.00000    -37.4
     0.00000   -199.90000    166.66667    -37.3
     0.00000   -199.90000    233.33333    -37.2
     0.00000   -199.90000    300.00000    -37.1
     0.00000   -249.90000   -233.33333    -37.0
     0.00000   -249.90000   -166.66667    -36.9
     0.00000   -249.90000   -100.00000    -36.8
     0.00000   -249.90000    -33.33333    -36.7
     0.00000   -249.90000     33.33333    -36.6
     0.00000   -249.90000    100.00000    -36.5
     0.00000   -249.90000    166.66667    -36.4
     0.00000   -249.90000    233.33333    -36.3
     0.00000   -249.90000    300.00000    -36.2
     0.00000    250.10000   -233.33333    -36.1
     0.00000    250.10000   -166.66667    -36.0
     0.00000    250.10000   -100.00000    -35.9
     0.00000    250.10000    -33.33333    -35.8
     0.00000    250.10000     33.33333    -35.7
     0.00000    250.10000    100.00000    -35.6
     0.00000    250.10000    166.66667    -35.5
     0.00000    250.10000    233.33333    -35.4
     0.00000    250.10000    300.00000    -35.3
     0.00000    200.10000   -233.33333    -35.2
     0.00000    200.10000   -166.66667    -35.1
     0.00000    200.10000   -100.00000    -35.0
     0.00000    200.10000    -33.33333    -34.9
     0.00000    200.10000     33.33333    -34.8
     0.00000    200.10000    100.00000    -34.7
     0.00000    200.10000    166.66667    -34.6
     0.00000    200.10000    233.33333    -34.5
     0.00000    200.10000    300.00000    -34.4
     0.00000    150.10000   -233.33333    -34.3
     0.00000    150.10000   -166.66667    -34.2
     0.00000    150.10000   -100.00000    -34.1
     0.00000    150.10000    -33.33333    -34.0
     0.00000    150.10000     33.33333    -33.9
     0.00000    150.10000    100.00000    -33.8
     0.00000    150.10000    166.66667    -33.7
     0.00000    150.10000    233.33333    -33.6
     0.00000    150.10000    300.00000    -33.5
     0.00000    100.10000   -233.33333    -33.4
     0.00000    100.10000   -166.66667    -33.3
     0.00000    100.10000   -100.00000    -33.2
     0.00000    100.10000    -33.33333    -33.1
     0.00000    100.10000     33.33333    -33.0
     0.00000    100.10000    100.00000    -32.9
     0.00000    100.10000    166.66667    -32.8
     0.00000    100.10000    233.33333    -32.7
     0.00000    100.10000    300.00000    -32.6
     0.00000     50.10000   -240.00000    -32.5
     0.00000     50.10000   -180.00000    -32.4
     0.00000     50.10000   -120.00000    -32.3
     0.00000     50.10000    -60.00000    -32.2
     0.00000     50.10000      0.00000    -32.1
     0.00000     50.10000     60.00000    -32.0
     0.00000     50.10000    120.00000    -31.9
     0.00000     50.10000    180.00000    -31.8
     0.00000     50.10000    240.00000    -31.7
     0.00000     50.10000    300.00000    -31.6
     0.00000      0.10000   -240.00000    -31.5
     0.00000      0.10000   -180.00000    -31.4
     0.00000      0.10000   -120.00000    -31.3
     0.00000      0.10000    -60.00000    -31.2
     0.00000      0.10000      0.00000    -31.1
     0.00000      0.10000     60.00000    -31.0
     0.00000      0.10000    120.00000    -30.9
     0.00000      0.10000    180.00000    -30.8
     0.00000      0.10000    240.00000    -30.7
     0.00000      0.10000    300.00000    -30.6
     0.00000    -49.90000   -240.00000    -30.5
     0.00000    -49.90000   -180.00000    -30.4
     0.00000    -49.90000   -120.00000    -30.3
     0.00000    -49.90000    -60.00000    -30.2
     0.00000    -49.90000      0.00000    -30.1
     0.00000    -49.90000     60.00000    -30.0
     0.00000    -49.90000    120.00000    -29.9
     0.00000    -49.90000    180.00000    -29.8
     0.00000    -49.90000    240.00000    -29.7
     0.00000    -49.90000    300.00000    -29.6
     0.00000    -99.90000   -240.00000    -29.5
     0.00000    -99.90000   -180.00000    -29.4
     0.00000    -99.90000   -120.00000    -29.3
     0.00000    -99.90000    -60.00000    -29.2
     0.00000    -99.90000      0.00000    -29.1
     0.00000    -99.90000     60.00000    -29.0
     0.00000    -99.90000    120.00000    -28.9
     0.00000    -99.90000    180.00000    -28.8
     0.00000    -99.90000    240.00000    -28.7
     0.00000    -99.90000    300.00000    -28.6
     0.00000   -149.90000   -240.00000    -28.5
     0.00000   -149.90000   -180.00000    -28.4
     0.00000   -149.90000   -120.00000    -28.3
     0.00000   -149.90000    -60.00000    -28.2
     0.00000   -149.90000      0.00000    -28.1
     0.00000   -149.90000     60.00000    -28.0
     0.00000   -149.90000    120.00000    -27.9
     0.00000   -149.90000    180.00000    -27.8
     0.00000   -149.90000    240.00000    -27.7
     0.00000   -149.90000    300.00000    -27.6
     0.00000   -199.90000   -240.00000    -27.5
     0.00000   -199.90000   -180.00000    -27.4
     0.00000   -199.90000   -120.00000    -27.3
     0.00000   -199.90000    -60.00000    -27.2
     0.00000   -199.90000      0.00000    -27.1
     0.00000   -199.90000     60.00000    -27.0
     0.00000   -199.90000    120.00000    -26.9
     0.00000   -199.90000    180.00000    -26.8
     0.00000   -199.90000    240.00000    -26.7
     0.00000   -199.90000    300.00000    -26.6
     0.00000   -249.90000   -240.00000    -26.5
     0.00000   -249.90000   -180.00000    -26.4
     0.00000   -249.90000   -120.00000    -26.3
     0.00000   -249.90000    -60.00000    -26.2
     0.00000   -249.90000      0.00000    -26.1
     0.00000   -249.90000     60.00000    -26.0
     0.00000   -249.90000    120.00000    -25.9
     0.00000   -249.90000    180.00000    -25.8
     0.00000   -249.90000    240.00000    -25.7
     0.00000   -249.90000    300.00000    -25.6
     0.00000    250.10000   -240.00000    -25.5
     0.00000    250.10000   -180.00000    -25.4
     0.00000    250.10000   -120.00000    -25.3
     0.00000    250.10000    -60.00000    -25.2
     0.00000    250.10000      0.00000    -25.1
     0.00000    250.10000     60.00000    -25.0
     0.00000    250.10000    120.00000    -24.9
     0.00000    250.10000    180.00000    -24.8
     0.00000    250.10000    240.00000    -24.7
     0.00000    250.10000    300.00000    -24.6
     0.00000    200.10000   -240.00000    -24.5
     0.00000    200.10000   -180.00000    -24.4
     0.00000    200.10000   -120.00000    -24.3
     0.00000    200.10000    -60.00000    -24.2
     0.00000    200.10000      0.00000    -24.1
     0.00000    200.10000     60.00000    -24.0
     0.00000    200.10000    120.00000    -23.9
     0.00000    200.10000    180.00000    -23.8
     0.00000    200.10000    240.00000    -23.7
     0.00000    200.10000    300.00000    -23.6
     0.00000    150.10000   -240.00000    -23.5
     0.00000    150.10000   -180.00000    -23.4
     0.00000    150.10000   -120.00000    -23.3
     0.00000    150.10000    -60.00000    -23.2
     0.00000    150.10000      0.00000    -23.1
     0.00000    150.10000     60.00000    -23.0
     0.00000    150.10000    120.00000    -22.9
     0.00000    150.10000    180.00000    -22.8
     0.00000    150.10000    240.00000    -22.7
     0.00000    150.10000    300.00000    -22.6
     0.00000    100.10000   -245.45455    -22.5
     0.00000    100.10000   -190.90909    -22.4
     0.00000    100.10000   -136.36364    -22.3
     0.00000    100.10000    -81.81818    -22.2
     0.00000    100.10000    -27.27273    -22.1
     0.00000    100.10000     27.27273    -22.0
     0.00000    100.10000     81.81818    -21.9
     0.00000    100.10000    136.36364    -21.8
     0.00000    100.10000    190.90909    -21.7
     0.00000    100.10000    245.45455    -21.6
     0.00000    100.10000    300.00000    -21.5
     0.00000     50.10000   -245.45455    -21.4
     0.00000     50.10000   -190.90909    -21.3
     0.00000     50.10000   -136.36364    -21.2
     0.00000     50.10000    -81.81818    -21.1
     0.00000     50.10000    -27.27273    -21.0
     0.00000     50.10000     27.27273    -20.9
     0.00000     50.10000     81.81818    -20.8
     0.00000     50.10000    136.36364    -20.7
     0.00000     50.10000    190.90909    -20.6
     0.00000     50.10000    245.45455    -20.5
     0.00000     50.10000    300.00000    -20.4
     0.00000      0.10000   -245.45455    -20.3
     0.00000      0.10000   -190.90909    -20.2
     0.00000      0.10000   -136.36364    -20.1
     0.00000      0.10000    -81.81818    -20.0
     0.00000      0.10000    -27.27273    -19.9
     0.00000      0.10000     27.27273    -19.8
     0.00000      0.10000     81.81818    -19.7
     0.00000      0.10000    136.36364    -19.6
     0.00000      0.10000    190.90909    -19.5
     0.00000      0.10000    245.45455    -19.4
     0.00000      0.10000    300.00000    -19.3
     0.00000    -49.90000   -245.45455    -19.2
     0.00000    -49.90000   -190.90909    -19.1
     0.00000    -49.90000   -136.36364    -19.0
     0.00000    -49.90000    -81.81818    -18.9
     0.00000    -49.90000    -27.27273    -18.8
     0.00000    -49.90000     27.27273    -18.7
     0.00000    -49.90000     81.81818    -18.6
     0.00000    -49.90000    136.36364    -18.5
     0.00000    -49.90000    190.90909    -18.4
     0.00000    -49.90000    245.45455    -18.3
     0.00000    -49.90000    300.00000    -18.2
     0.00000    -99.90000   -245.45455    -18.1
     0.00000    -99.90000   -190.90909    -18.0
     0.00000    -99.90000   -136.36364    -17.9
     0.00000    -99.90000    -81.81818    -17.8
     0.00000    -99.90000    -27.27273    -17.7
     0.00000    -99.90000     27.27273    -17.6
     0.00000    -99.90000     81.81818    -17.5
     0.00000    -99.90000    136.36364    -17.4
     0.00000    -99.90000    190.90909    -17.3
     0.00000    -99.90000    245.45455    -17.2
     0.00000    -99.90000    300.00000    -17.1
     0.00000   -149.90000   -245.45455    -17.0
     0.00000   -149.90000   -190.90909    -16.9
     0.00000   -149.90000   -136.36364    -16.8
     0.00000   -149.90000    -81.81818    -16.7
     0.00000   -149.90000    -27.27273    -16.6
     0.00000   -149.90000     27.27273    -16.5
     0.00000   -149.90000     81.81818    -16.4
     0.00000   -149.90000    136.36364    -16.3
     0.00000   -149.90000    190.90909    -16.2
     0.00000   -149.90000    245.45455    -16.1
     0.00000   -149.90000    300.00000    -16.0
     0.00000   -199.90000   -245.45455    -15.9
     0.00000   -199.90000   -190.90909    -15.8
     0.00000   -199.90000   -136.36364    -15.7
     0.00000   -199.90000    -81.81818    -15.6
     0.00000   -199.90000    -27.27273    -15.5
     0.00000   -199.90000     27.27273    -15.4
     0.00000   -199.90000     81.81818    -15.3
     0.00000   -199.90000    136.36364    -15.2
     0.00000   -199.90000    190.90909    -15.1
     0.00000   -199.90000    245.45455    -15.0
     0.00000   -199.90000    300.00000    -14.9
     0.00000   -249.90000   -245.45455    -14.8
     0.00000   -249.90000   -190.90909    -14.7
     0.00000   -249.90000   -136.36364    -14.6
     0.00000   -249.90000    -81.81818    -14.5
     0.00000   -249.90000    -27.27273    -14.4
     0.00000   -249.90000     27.27273    -14.3
     0.00000   -249.90000     81.81818    -14.2
     0.00000   -249.90000    136.36364    -14.1
     0.00000   -249.90000    190.90909    -14.0
     0.00000   -249.90000    245.45455    -13.9
     0.00000   -249.90000    300.00000    -13.8
     0.00000    250.10000   -245.45455    -13.7
     0.00000    250.10000   -190.90909    -13.6
     0.00000    250.10000   -136.36364    -13.5
     0.00000    250.10000    -81.81818    -13.4
     0.00000    250.10000    -27.27273    -13.3
     0.00000    250.10000     27.27273    -13.2
     0.00000    250.10000     81.81818    -13.1
     0.00000    250.10000    136.36364    -13.0
     0.00000    250.10000    190.90909    -12.9
     0.00000    250.10000    245.45455    -12.8
     0.00000    250.10000    300.00000    -12.7
     0.00000    200.10000   -245.45455    -12.6
     0.00000    200.10000   -190.90909    -12.5
     0.00000    200.10000   -136.36364    -12.4
     0.00000    200.10000    -81.81818    -12.3
     0.00000    200.10000    -27.27273    -12.2
     0.00000    200.10000     27.27273    -12.1
     0.00000    200.10000     81.81818    -12.0
     0.00000    200.10000    136.36364    -11.9
     0.00000    200.10000    190.90909    -11.8
     0.00000    200.10000    245.45455    -11.7
     0.00000    200.10000    300.00000    -11.6
     0.00000    150.10000   -245.45455    -11.5
     0.00000    150.10000   -190.90909    -11.4
     0.00000    150.10000   -136.36364    -11.3
     0.00000    150.10000    -81.81818    -11.2
     0.00000    150.10000    -27.27273    -11.1
     0.00000    150.10000     27.27273    -11.0
     0.00000    150.10000     81.81818    -10.9
     0.00000    150.10000    136.36364    -10.8
     0.00000    150.10000    190.90909    -10.7
     0.00000    150.10000    245.45455    -10.6
     0.00000    150.10000    300.00000    -10.5
     0.00000    100.10000   -245.45455    -10.4
     0.00000    100.10000   -190.90909    -10.3
     0.00000    100.10000   -136.36364    -10.2
     0.00000    100.10000    -81.81818    -10.1
     0.00000    100.10000    -27.27273    -10.0
     0.00000    100.10000     27.27273     -9.9
     0.00000    100.10000     81.81818     -9.8
     0.00000    100.10000    136.36364     -9.7
     0.00000    100.10000    190.90909     -9.6
     0.00000    100.10000    245.45455     -9.5
     0.00000    100.10000    300.00000     -9.4
     0.00000     50.10000   -245.45455     -9.3
     0.00000     50.10000   -190.90909     -9.2
     0.00000     50.10000   -136.36364     -9.1
     0.00000     50.10000    -81.81818     -9.0
     0.00000     50.10000    -27.27273     -8.9
     0.00000     50.10000     27.27273     -8.8
     0.00000     50.10000     81.81818     -8.7
     0.00000     50.10000    136.36364     -8.6
     0.00000     50.10000    190.90909     -8.5
     0.00000     50.10000    245.45455     -8.4
     0.00000     50.10000    300.00000     -8.3
     0.00000      0.10000   -245.45455     -8.2
     0.00000      0.10000   -190.90909     -8.1
     0.00000      0.10000   -136.36364     -8.0
     0.00000      0.10000    -81.81818     -7.9
     0.00000      0.10000    -27.27273     -7.8
     0.00000      0.10000     27.27273     -7.7
     0.00000      0.10000     81.81818     -7.6
     0.00000      0.10000    136.36364     -7.5
     0.00000      0.10000    190.90909     -7.4
     0.00000      0.10000    245.45455     -7.3
     0.00000      0.10000    300.00000     -7.2
     0.00000    -49.90000   -245.45455     -7.1
     0.00000    -49.90000   -190.90909     -7.0
     0.00000    -49.90000   -136.36364     -6.9
     0.00000    -49.90000    -81.81818     -6.8
     0.00000    -49.90000    -27.27273     -6.7
     0.00000    -49.90000     27.27273     -6.6
     0.00000    -49.90000     81.81818     -6.5
     0.00000    -49.90000    136.36364     -6.4
     0.00000    -49.90000    190.90909     -6.3
     0.00000    -49.90000    245.45455     -6.2
     0.00000    -49.90000    300.00000     -6.1
     0.00000    -99.90000   -245.45455     -6.0
     0.00000    -99.90000   -190.90909     -5.9
     0.00000    -99.90000   -136.36364     -5.8
     0.00000    -99.90000    -81.81818     -5.7
     0.00000    -99.90000    -27.27273     -5.6
     0.00000    -99.90000     27.27273     -5.5
     0.00000    -99.90000     81.81818     -5.4
     0.00000    -99.90000    136.36364     -5.3
     0.00000    -99.90000    190.90909     -5.2
     0.00000    -99.90000    245.45455     -5.1
     0.00000    -99.90000    300.00000     -5.0
     0.00000   -149.90000   -245.45455     -4.9
     0.00000   -149.90000   -190.90909     -4.8
     0.00000   -149.90000   -136.36364     -4.7
     0.00000   -149.90000    -81.81818     -4.6
     0.00000   -149.90000    -27.27273     -4.5
     0.00000   -149.90000     27.27273     -4.4
     0.00000   -149.90000     81.81818     -4.3
     0.00000   -149.90000    136.36364     -4.2
     0.00000   -149.90000    190.90909     -4.1
     0.00000   -149.90000    245.45455     -4.0
     0.00000   -149.90000    300.00000     -3.9
     0.00000   -199.90000   -245.45455     -3.8
     0.00000   -199.90000   -190.90909     -3.7
     0.00000   -199.90000   -136.36364     -3.6
     0.00000   -199.90000    -81.81818     -3.5
     0.00000   -199.90000    -27.27273     -3.4
     0.00000   -199.90000     27.27273     -3.3
     0.00000   -199.90000     81.81818     -3.2
     0.00000   -199.90000    136.36364     -3.1
     0.00000   -199.90000    190.90909     -3.0
     0.00000   -199.90000    245.45455     -2.9
     0.00000   -199.90000    300.00000     -2.8
     0.00000   -249.90000   -245.45455     -2.7
     0.00000   -249.90000   -190.90909     -2.6
     0.00000   -249.90000   -136.36364     -2.5
     0.00000   -249.90000    -81.81818     -2.4
     0.00000   -249.90000    -27.27273     -2.3
     0.00000   -249.90000     27.27273     -2.2
     0.00000   -249.90000     81.81818     -2.1
     0.00000   -249.90000    136.36364     -2.0
     0.00000   -249.90000    190.90909     -1.9
     0.00000   -249.90000    245.45455     -1.8
     0.00000   -249.90000    300.00000     -1.7
     0.00000    250.10000   -245.45455     -1.6
     0.00000    250.10000   -190.90909     -1.5
     0.00000    250.10000   -136.36364     -1.4
     0.00000    250.10000    -81.81818     -1.3
     0.00000    250.10000    -27.27273     -1.2
     0.00000    250.10000     27.27273     -1.1
     0.00000    250.10000     81.81818     -1.0
     0.00000    250.10000    136.36364     -0.9
     0.00000    250.10000    190.90909     -0.8
     0.00000    250.10000    245.45455     -0.7
     0.00000    250.10000    300.00000     -0.6
     0.00000    200.10000   -245.45455     -0.5
     0.00000    200.10000   -190.90909     -0.4
     0.00000    200.10000   -136.36364     -0.3
     0.00000    200.10000    -81.81818     -0.2
     0.00000    200.10000    -27.27273     -0.1
     0.00000    200.10000     27.27273      0.0
     0.00000    200.10000     81.81818      0.1
     0.00000    200.10000    136.36364      0.2
     0.00000    200.10000    190.90909      0.3
     0.00000    200.10000    245.45455      0.4
     0.00000    200.10000    300.00000      0.5
     0.00000    150.10000   -245.45455      0.6
     0.00000    150.10000   -190.90909      0.7
     0.00000    150.10000   -136.36364      0.8
     0.00000    150.10000    -81.81818      0.9
     0.00000    150.10000    -27.27273      1.0
     0.00000    150.10000     27.27273      1.1
     0.00000    150.10000     81.81818      1.2
     0.00000    150.10000    136.36364      1.3
     0.00000    150.10000    190.90909      1.4
     0.00000    150.10000    245.45455      1.5
     0.00000    150.10000    300.00000      1.6
     0.00000    100.10000   -245.45455      1.7
     0.00000    100.10000   -190.90909      1.8
     0.00000    100.10000   -136.36364      1.9
     0.00000    100.10000    -81.81818      2.0
     0.00000    100.10000    -27.27273      2.1
     0.00000    100.10000     27.27273      2.2
     0.00000    100.10000     81.81818      2.3
     0.00000    100.10000    136.36364      2.4
     0.00000    100.10000    190.90909      2.5
     0.00000    100.10000    245.45455      2.6
     0.00000    100.10000    300.00000      2.7
     0.00000     50.10000   -245.45455      2.8
     0.00000     50.10000   -190.90909      2.9
     0.00000     50.10000   -136.36364      3.0
     0.00000     50.10000    -81.81818      3.1
     0.00000     50.10000    -27.27273      3.2
     0.00000     50.10000     27.27273      3.3
     0.00000     50.10000     81.81818      3.4
     0.00000     50.10000    136.36364      3.5
     0.00000     50.10000    190.90909      3.6
     0.00000     50.10000    245.45455      3.7
     0.00000     50.10000    300.00000      3.8
     0.00000      0.10000   -245.45455      3.9
     0.00000      0.10000   -190.90909      4.0
     0.00000      0.10000   -136.36364      4.1
     0.00000      0.10000    -81.81818      4.2
     0.00000      0.10000    -27.27273      4.3
     0.00000      0.10000     27.27273      4.4
     0.00000      0.10000     81.81818      4.5
     0.00000      0.10000    136.36364      4.6
     0.00000      0.10000    190.90909      4.7
     0.00000      0.10000    245.45455      4.8
     0.00000      0.10000    300.00000      4.9
     0.00000    -49.90000   -245.45455      5.0
     0.00000    -49.90000   -190.90909      5.1
     0.00000    -49.90000   -136.36364      5.2
     0.00000    -49.90000    -81.81818      5.3
     0.00000    -49.90000    -27.27273      5.4
     0.00000    -49.90000     27.27273      5.5
     0.00000    -49.90000     81.81818      5.6
     0.00000    -49.90000    136.36364      5.7
     0.00000    -49.90000    190.90909      5.8
     0.00000    -49.90000    245.45455      5.9
     0.00000    -49.90000    300.00000      6.0
     0.00000    -99.90000   -245.45455      6.1
     0.00000    -99.90000   -190.90909      6.2
     0.00000    -99.90000   -136.36364      6.3
     0.00000    -99.90000    -81.81818      6.4
     0.00000    -99.90000    -27.27273      6.5
     0.00000    -99.90000     27.27273      6.6
     0.00000    -99.90000     81.81818      6.7
     0.00000    -99.90000    136.36364      6.8
     0.00000    -99.90000    190.90909      6.9
     0.00000    -99.90000    245.45455      7.0
     0.00000    -99.90000    300.00000      7.1
     0.00000   -149.90000   -245.45455      7.2
     0.00000   -149.90000   -190.90909      7.3
     0.00000   -149.90000   -136.36364      7.4
     0.00000   -149.90000    -81.81818      7.5
     0.00000   -149.90000    -27.27273      7.6
     0.00000   -149.90000     27.27273      7.7
     0.00000   -149.90000     81.81818      7.8
     0.00000   -149.90000    136.36364      7.9
     0.00000   -149.90000    190.90909      8.0
     0.00000   -149.90000    245.45455      8.1
     0.00000   -149.90000    300.00000      8.2
     0.00000   -199.90000   -245.45455      8.3
     0.00000   -199.90000   -190.90909      8.4
     0.00000   -199.90000   -136.36364      8.5
     0.00000   -199.90000    -81.81818      8.6
     0.00000   -199.90000    -27.27273      8.7
     0.00000   -199.90000     27.27273      8.8
     0.00000   -199.90000     81.81818      8.9
     0.00000   -199.90000    136.36364      9.0
     0.00000   -199.90000    190.90909      9.1
     0.00000   -199.90000    245.45455      9.2
     0.00000   -199.90000    300.00000      9.3
     0.00000   -249.90000   -245.45455      9.4
     0.00000   -249.90000   -190.90909      9.5
     0.00000   -249.90000   -136.36364      9.6
     0.00000   -249.90000    -81.81818      9.7
     0.00000   -249.90000    -27.27273      9.8
     0.00000   -249.90000     27.27273      9.9
     0.00000   -249.90000     81.81818     10.0
     0.00000   -249.90000    136.36364     10.1
     0.00000   -249.90000    190.90909     10.2
     0.00000   -249.90000    245.45455     10.3
     0.00000   -249.90000    300.00000     10.4
     0.00000    250.10000   -245.45455     10.5
     0.00000    250.10000   -190.90909     10.6
     0.00000    250.10000   -136.36364     10.7
     0.00000    250.10000    -81.81818     10.8
     0.00000    250.10000    -27.27273     10.9
     0.00000    250.10000     27.27273     11.0
     0.00000    250.10000     81.81818     11.1
     0.00000    250.10000    136.36364     11.2
     0.00000    250.10000    190.90909     11.3
     0.00000    250.10000    245.45455     11.4
     0.00000    250.10000    300.00000     11.5
     0.00000    200.10000   -245.45455     11.6
     0.00000    200.10000   -190.90909     11.7
     0.00000    200.10000   -136.36364     11.8
     0.00000    200.10000    -81.81818     11.9
     0.00000    200.10000    -27.27273     12.0
     0.00000    200.10000     27.27273     12.1
     0.00000    200.10000     81.81818     12.2
     0.00000    200.10000    136.36364     12.3
     0.00000    200.10000    190.90909     12.4
     0.00000    200.10000    245.45455     12.5
     0.00000    200.10000    300.00000     12.6
     0.00000    150.10000   -245.45455     12.7
     0.00000    150.10000   -190.90909     12.8
     0.00000    150.10000   -136.36364     12.9
     0.00000    150.10000    -81.81818     13.0
     0.00000    150.10000    -27.27273     13.1
     0.00000    150.10000     27.27273     13.2
     0.00000    150.10000     81.81818     13.3
     0.00000    150.10000    136.36364     13.4
     0.00000    150.10000    190.90909     13.5
     0.00000    150.10000    245.45455     13.6
     0.00000    150.10000    300.00000     13.7
     0.00000    100.10000   -245.45455     13.8
     0.00000    100.10000   -190.90909     13.9
     0.00000    100.10000   -136.36364     14.0
     0.00000    100.10000    -81.81818     14.1
     0.00000    100.10000    -27.27273     14.2
     0.00000    100.10000     27.27273     14.3
     0.00000    100.10000     81.81818     14.4
     0.00000    100.10000    136.36364     14.5
     0.00000    100.10000    190.90909     14.6
     0.00000    100.10000    245.45455     14.7
     0.00000    100.10000    300.00000     14.8
     0.00000     50.10000   -245.45455     14.9
     0.00000     50.10000   -190.90909     15.0
     0.00000     50.10000   -136.36364     15.1
     0.00000     50.10000    -81.81818     15.2
     0.00000     50.10000    -27.27273     15.3
     0.00000     50.10000     27.27273     15.4
     0.00000     50.10000     81.81818     15.5
     0.00000     50.10000    136.36364     15.6
     0.00000     50.10000    190.90909     15.7
     0.00000     50.10000    245.45455     15.8
     0.00000     50.10000    300.00000     15.9
     0.00000      0.10000   -245.45455     16.0
     0.00000      0.10000   -190.90909     16.1
     0.00000      0.10000   -136.36364     16.2
     0.00000      0.10000    -81.81818     16.3
     0.00000      0.10000    -27.27273     16.4
     0.00000      0.10000     27.27273     16.5
     0.00000      0.10000     81.81818     16.6
     0.00000      0.10000    136.36364     16.7
     0.00000      0.10000    190.90909     16.8
     0.00000      0.10000    245.45455     16.9
     0.00000      0.10000    300.00000     17.0
     0.00000    -49.90000   -245.45455     17.1
     0.00000    -49.90000   -190.90909     17.2
     0.00000    -49.90000   -136.36364     17.3
     0.00000    -49.90000    -81.81818     17.4
     0.00000    -49.90000    -27.27273     17.5
     0.00000    -49.90000     27.27273     17.6
     0.00000    -49.90000     81.81818     17.7
     0.00000    -49.90000    136.36364     17.8
     0.00000    -49.90000    190.90909     17.9
     0.00000    -49.90000    245.45455     18.0
     0.00000    -49.90000    300.00000     18.1
     0.00000    -99.90000   -245.45455     18.2
     0.00000    -99.90000   -190.90909     18.3
     0.00000    -99.90000   -136.36364     18.4
     0.00000    -99.90000    -81.81818     18.5
     0.00000    -99.90000    -27.27273     18.6
     0.00000    -99.90000     27.27273     18.7
     0.00000    -99.90000     81.81818     18.8
     0.00000    -99.90000    136.36364     18.9
     0.00000    -99.90000    190.90909     19.0
     0.00000    -99.90000    245.45455     19.1
     0.00000    -99.90000    300.00000     19.2
     0.00000   -149.90000   -245.45455     19.3
     0.00000   -149.90000   -190.90909     19.4
     0.00000   -149.90000   -136.36364     19.5
     0.00000   -149.90000    -81.81818     19.6
     0.00000   -149.90000    -27.27273     19.7
     0.00000   -149.90000     27.27273     19.8
     0.00000   -149.90000     81.81818     19.9
     0.00000   -149.90000    136.36364     20.0
     0.00000   -149.90000    190.90909     20.1
     0.00000   -149.90000    245.45455     20.2
     0.00000   -149.90000    300.00000     20.3
     0.00000   -199.90000   -245.45455     20.4
     0.00000   -199.90000   -190.90909     20.5
     0.00000   -199.90000   -136.36364     20.6
     0.00000   -199.90000    -81.81818     20.7
     0.00000   -199.90000    -27.27273     20.8
     0.00000   -199.90000     27.27273     20.9
     0.00000   -199.90000     81.81818     21.0
     0.00000   -199.90000    136.36364     21.1
     0.00000   -199.90000    190.90909     21.2
     0.00000   -199.90000    245.45455     21.3
     0.00000   -199.90000    300.00000     21.4
     0.00000   -249.90000   -245.45455     21.5
     0.00000   -249.90000   -190.90909     21.6
     0.00000   -249.90000   -136.36364     21.7
     0.00000   -249.90000    -81.81818     21.8
     0.00000   -249.90000    -27.27273     21.9
     0.00000   -249.90000     27.27273     22.0
     0.00000   -249.90000     81.81818     22.1
     0.00000   -249.90000    136.36364     22.2
     0.00000   -249.90000    190.90909     22.3
     0.00000   -249.90000    245.45455     22.4
     0.00000   -249.90000    300.00000     22.5
     0.00000    250.10000   -245.45455     22.6
     0.00000    250.10000   -190.90909     22.7
     0.00000    250.10000   -136.36364     22.8
     0.00000    250.10000    -81.81818     22.9
     0.00000    250.10000    -27.27273     23.0
     0.00000    250.10000     27.27273     23.1
     0.00000    250.10000     81.81818     23.2
     0.00000    250.10000    136.36364     23.3
     0.00000    250.10000    190.90909     23.4
     0.00000    250.10000    245.45455     23.5
     0.00000    250.10000    300.00000     23.6
     0.00000    200.10000   -240.00000     23.7
     0.00000    200.10000   -180.00000     23.8
     0.00000    200.10000   -120.00000     23.9
     0.00000    200.10000    -60.00000     24.0
     0.00000    200.10000      0.00000     24.1
     0.00000    200.10000     60.00000     24.2
     0.00000    200.10000    120.00000     24.3
     0.00000    200.10000    180.00000     24.4
     0.00000    200.10000    240.00000     24.5
     0.00000    200.10000    300.00000     24.6
     0.00000    150.10000   -240.00000     24.7
     0.00000    150.10000   -180.00000     24.8
     0.00000    150.10000   -120.00000     24.9
     0.00000    150.10000    -60.00000     25.0
     0.00000    150.10000      0.00000     25.1
     0.00000    150.10000     60.00000     25.2
     0.00000    150.10000    120.00000     25.3
     0.00000    150.10000    180.00000     25.4
     0.00000    150.10000    240.00000     25.5
     0.00000    150.10000    300.00000     25.6
     0.00000    100.10000   -240.00000     25.7
     0.00000    100.10000   -180.00000     25.8
     0.00000    100.10000   -120.00000     25.9
     0.00000    100.10000    -60.00000     26.0
     0.00000    100.10000      0.00000     26.1
     0.00000    100.10000     60.00000     26.2
     0.00000    100.10000    120.00000     26.3
     0.00000    100.10000    180.00000     26.4
     0.00000    100.10000    240.00000     26.5
     0.00000    100.10000    300.00000     26.6
     0.00000     50.10000   -240.00000     26.7
     0.00000     50.10000   -180.00000     26.8
     0.00000     50.10000   -120.00000     26.9
     0.00000     50.10000    -60.00000     27.0
     0.00000     50.10000      0.00000     27.1
     0.00000     50.10000     60.00000     27.2
     0.00000     50.10000    120.00000     27.3
     0.00000     50.10000    180.00000     27.4
     0.00000     50.10000    240.00000     27.5
     0.00000     50.10000    300.00000     27.6
     0.00000      0.10000   -240.00000     27.7
     0.00000      0.10000   -180.00000     27.8
     0.00000      0.10000   -120.00000     27.9
     0.00000      0.10000    -60.00000     28.0
     0.00000      0.10000      0.00000     28.1
     0.00000      0.10000     60.00000     28.2
     0.00000      0.10000    120.00000     28.3
     0.00000      0.10000    180.00000     28.4
     0.00000      0.10000    240.00000     28.5
     0.00000      0.10000    300.00000     28.6
     0.00000    -49.90000   -240.00000     28.7
     0.00000    -49.90000   -180.00000     28.8
     0.00000    -49.90000   -120.00000     28.9
     0.00000    -49.90000    -60.00000     29.0
     0.00000    -49.90000      0.00000     29.1
     0.00000    -49.90000     60.00000     29.2
     0.00000    -49.90000    120.00000     29.3
     0.00000    -49.90000    180.00000     29.4
     0.00000    -49.90000    240.00000     29.5
     0.00000    -49.90000    300.00000     29.6
     0.00000    -99.90000   -240.00000     29.7
     0.00000    -99.90000   -180.00000     29.8
     0.00000    -99.90000   -120.00000     29.9
     0.00000    -99.90000    -60.00000     30.0
     0.00000    -99.90000      0.00000     30.1
     0.00000    -99.90000     60.00000     30.2
     0.00000    -99.90000    120.00000     30.3
     0.00000    -99.90000    180.00000     30.4
     0.00000    -99.90000    240.00000     30.5
     0.00000    -99.90000    300.00000     30.6
     0.00000   -149.90000   -240.00000     30.7
     0.00000   -149.90000   -180.00000     30.8
     0.00000   -149.90000   -120.00000     30.9
     0.00000   -149.90000    -60.00000     31.0
     0.00000   -149.90000      0.00000     31.1
     0.00000   -149.90000     60.00000     31.2
     0.00000   -149.90000    120.00000     31.3
     0.00000   -149.90000    180.00000     31.4
     0.00000   -149.90000    240.00000     31.5
     0.00000   -149.90000    300.00000     31.6
     0.00000   -199.90000   -240.00000     31.7
     0.00000   -199.90000   -180.00000     31.8
     0.00000   -199.90000   -120.00000     31.9
     0.00000   -199.90000    -60.00000     32.0
     0.00000   -199.90000      0.00000     32.1
     0.00000   -199.90000     60.00000     32.2
     0.00000   -199.90000    120.00000     32.3
     0.00000   -199.90000    180.00000     32.4
     0.00000   -199.90000    240.00000     32.5
     0.00000   -199.90000    300.00000     32.6
     0.00000   -249.90000   -240.00000     32.7
     0.00000   -249.90000   -180.00000     32.8
     0.00000   -249.90000   -120.00000     32.9
     0.00000   -249.90000    -60.00000     33.0
     0.00000   -249.90000      0.00000     33.1
     0.00000   -249.90000     60.00000     33.2
     0.00000   -249.90000    120.00000     33.3
     0.00000   -249.90000    180.00000     33.4
     0.00000   -249.90000    240.00000     33.5
     0.00000   -249.90000    300.00000     33.6
     0.00000    250.10000   -233.33333     33.7
     0.00000    250.10000   -166.66667     33.8
     0.00000    250.10000   -100.00000     33.9
     0.00000    250.10000    -33.33333     34.0
     0.00000    250.10000     33.33333     34.1
     0.00000    250.10000    100.00000     34.2
     0.00000    250.10000    166.66667     34.3
     0.00000    250.10000    233.33333     34.4
     0.00000    250.10000    300.00000     34.5
     0.00000    200.10000   -233.33333     34.6
     0.00000    200.10000   -166.66667     34.7
     0.00000    200.10000   -100.00000     34.8
     0.00000    200.10000    -33.33333     34.9
     0.00000    200.10000     33.33333     35.0
     0.00000    200.10000    100.00000     35.1
     0.00000    200.10000    166.66667     35.2
     0.00000    200.10000    233.33333     35.3
     0.00000    200.10000    300.00000     35.4
     0.00000    150.10000   -233.33333     35.5
     0.00000    150.10000   -166.66667     35.6
     0.00000    150.10000   -100.00000     35.7
     0.00000    150.10000    -33.33333     35.8
     0.00000    150.10000     33.33333     35.9
     0.00000    150.10000    100.00000     36.0
     0.00000    150.10000    166.66667     36.1
     0.00000    150.10000    233.33333     36.2
     0.00000    150.10000    300.00000     36.3
     0.00000    100.10000   -233.33333     36.4
     0.00000    100.10000   -166.66667     36.5
     0.00000    100.10000   -100.00000     36.6
     0.00000    100.10000    -33.33333     36.7
     0.00000    100.10000     33.33333     36.8
     0.00000    100.10000    100.00000     36.9
     0.00000    100.10000    166.66667     37.0
     0.00000    100.10000    233.33333     37.1
     0.00000    100.10000    300.00000     37.2
     0.00000     50.10000   -233.33333     37.3
     0.00000     50.10000   -166.66667     37.4
     0.00000     50.10000   -100.00000     37.5
     0.00000     50.10000    -33.33333     37.6
     0.00000     50.10000     33.33333     37.7
     0.00000     50.10000    100.00000     37.8
     0.00000     50.10000    166.66667     37.9
     0.00000     50.10000    233.33333     38.0
     0.00000     50.10000    300.00000     38.1
     0.00000      0.10000   -233.33333     38.2
     0.00000      0.10000   -166.66667     38.3
     0.00000      0.10000   -100.00000     38.4
     0.00000      0.10000    -33.33333     38.5
     0.00000      0.10000     33.33333     38.6
     0.00000      0.10000    100.00000     38.7
     0.00000      0.10000    166.66667     38.8
     0.00000      0.10000    233.33333     38.9
     0.00000      0.10000    300.00000     39.0
     0.00000    -49.90000   -233.33333     39.1
     0.00000    -49.90000   -166.66667     39.2
     0.00000    -49.90000   -100.00000     39.3
     0.00000    -49.90000    -33.33333     39.4
     0.00000    -49.90000     33.33333     39.5
     0.00000    -49.90000    100.00000     39.6
     0.00000    -49.90000    166.66667     39.7
     0.00000    -49.90000    233.33333     39.8
     0.00000    -49.90000    300.00000     39.9
     0.00000    -99.90000   -233.33333     40.0
     0.00000    -99.90000   -166.66667     40.1
     0.00000    -99.90000   -100.00000     40.2
     0.00000    -99.90000    -33.33333     40.3
     0.00000    -99.90000     33.33333     40.4
     0.00000    -99.90000    100.00000     40.5
     0.00000    -99.90000    166.66667     40.6
     0.00000    -99.90000    233.33333     40.7
     0.00000    -99.90000    300.00000     40.8
     0.00000   -149.90000   -233.33333     40.9
     0.00000   -149.90000   -166.66667     41.0
     0.00000   -149.90000   -100.00000     41.1
     0.00000   -149.90000    -33.33333     41.2
     0.00000   -149.90000     33.33333     41.3
     0.00000   -149.90000    100.00000     41.4
     0.00000   -149.90000    166.66667     41.5
     0.00000   -149.90000    233.33333     41.6
     0.00000   -149.90000    300.00000     41.7
     0.00000   -199.90000   -225.00000     41.8
     0.00000   -199.90000   -150.00000     41.9
     0.00000   -199.90000    -75.00000     42.0
     0.00000   -199.90000      0.00000     42.1
     0.00000   -199.90000     75.00000     42.2
     0.00000   -199.90000    150.00000     42.3
     0.00000   -199.90000    225.00000     42.4
     0.00000   -199.90000    300.00000     42.5
     0.00000   -249.90000   -225.00000     42.6
     0.00000   -249.90000   -150.00000     42.7
     0.00000   -249.90000    -75.00000     42.8
     0.00000   -249.90000      0.00000     42.9
     0.00000   -249.90000     75.00000     43.0
     0.00000   -249.90000    150.00000     43.1
     0.00000   -249.90000    225.00000     43.2
     0.00000   -249.90000    300.00000     43.3
     0.00000    250.10000   -225.00000     43.4
     0.00000    250.10000   -150.00000     43.5
     0.00000    250.10000    -75.00000     43.6
     0.00000    250.10000      0.00000     43.7
     0.00000    250.10000     75.00000     43.8
     0.00000    250.10000    150.00000     43.9
     0.00000    250.10000    225.00000     44.0
     0.00000    250.10000    300.00000     44.1
     0.00000    200.10000   -225.00000     44.2
     0.00000    200.10000   -150.00000     44.3
     0.00000    200.10000    -75.00000     44.4
     0.00000    200.10000      0.00000     44.5
     0.00000    200.10000     75.00000     44.6
     0.00000    200.10000    150.00000     44.7
     0.00000    200.10000    225.00000     44.8
     0.00000    200.10000    300.00000     44.9
     0.00000    150.10000   -225.00000     45.0
     0.00000    150.10000   -150.00000     45.1
     0.00000    150.10000    -75.00000     45.2
     0.00000    150.10000      0.00000     45.3
     0.00000    150.10000     75.00000     45.4
     0.00000    150.10000    150.00000     45.5
     0.00000    150.10000    225.00000     45.6
     0.00000    150.10000    300.00000     45.7
     0.00000    100.10000   -225.00000     45.8
     0.00000    100.10000   -150.00000     45.9
     0.00000    100.10000    -75.00000     46.0
     0.00000    100.10000      0.00000     46.1
     0.00000    100.10000     75.00000     46.2
     0.00000    100.10000    150.00000     46.3
     0.00000    100.10000    225.00000     46.4
     0.00000    100.10000    300.00000     46.5
     0.00000     50.10000   -225.00000     46.6
     0.00000     50.10000   -150.00000     46.7
     0.00000     50.10000    -75.00000     46.8
     0.00000     50.10000      0.00000     46.9
     0.00000     50.10000     75.00000     47.0
     0.00000     50.10000    150.00000     47.1
     0.00000     50.10000    225.00000     47.2
     0.00000     50.10000    300.00000     47.3
     0.00000      0.10000   -225.00000     47.4
     0.00000      0.10000   -150.00000     47.5
     0.00000      0.10000    -75.00000     47.6
     0.00000      0.10000      0.00000     47.7
     0.00000      0.10000     75.00000     47.8
     0.00000      0.10000    150.00000     47.9
     0.00000      0.10000    225.00000     48.0
     0.00000      0.10000    300.00000     48.1
     0.00000    -49.90000   -214.28571     48.2
     0.00000    -49.90000   -128.57143     48.3
     0.00000    -49.90000    -42.85714     48.4
     0.00000    -49.90000     42.85714     48.5
     0.00000    -49.90000    128.57143     48.6
     0.00000    -49.90000    214.28571     48.7
     0.00000    -49.90000    300.00000     48.8
     0.00000    -99.90000   -214.28571     48.9
     0.00000    -99.90000   -128.57143     49.0
     0.00000    -99.90000    -42.85714     49.1
     0.00000    -99.90000     42.85714     49.2
     0.00000    -99.90000    128.57143     49.3
     0.00000    -99.90000    214.28571     49.4
     0.00000    -99.90000    300.00000     49.5
     0.00000   -149.90000   -214.28571     49.6
     0.00000   -149.90000   -128.57143     49.7
     0.00000   -149.90000    -42.85714     49.8
     0.00000   -149.90000     42.85714     49.9
     0.00000   -149.90000    128.57143     50.0
     0.00000   -149.90000    214.28571     50.1
     0.00000   -149.90000    300.00000     50.2
     0.00000   -199.90000   -214.28571     50.3
     0.00000   -199.90000   -128.57143     50.4
     0.00000   -199.90000    -42.85714     50.5
     0.00000   -199.90000     42.85714     50.6
     0.00000   -199.90000    128.57143     50.7
     0.00000   -199.90000    214.28571     50.8
     0.00000   -199.90000    300.00000     50.9
     0.00000   -249.90000   -214.28571     51.0
     0.00000   -249.90000   -128.57143     51.1
     0.00000   -249.90000    -42.85714     51.2
     0.00000   -249.90000     42.85714     51.3
     0.00000   -249.90000    128.57143     51.4
     0.00000   -249.90000    214.28571     51.5
     0.00000   -249.90000    300.00000     51.6
     0.00000    250.10000   -214.28571     51.7
     0.00000    250.10000   -128.57143     51.8
     0.00000    250.10000    -42.85714     51.9
     0.00000    250.10000     42.85714     52.0
     0.00000    250.10000    128.57143     52.1
     0.00000    250.10000    214.28571     52.2
     0.00000    250.10000    300.00000     52.3
     0.00000    200.10000   -214.28571     52.4
     0.00000    200.10000   -128.57143     52.5
     0.00000    200.10000    -42.85714     52.6
     0.00000    200.10000     42.85714     52.7
     0.00000    200.10000    128.57143     52.8
     0.00000    200.10000    214.28571     52.9
     0.00000    200.10000    300.00000     53.0
     0.00000    150.10000   -214.28571     53.1
     0.00000    150.10000   -128.57143     53.2
     0.00000    150.10000    -42.85714     53.3
     0.00000    150.10000     42.85714     53.4
     0.00000    150.10000    128.57143     53.5
     0.00000    150.10000    214.28571     53.6
     0.00000    150.10000    300.00000     53.7
     0.00000    100.10000   -214.28571     53.8
     0.00000    100.10000   -128.57143     53.9
     0.00000    100.10000    -42.85714     54.0
     0.00000    100.10000     42.85714     54.1
     0.00000    100.10000    128.57143     54.2
     0.00000    100.10000    214.28571     54.3
     0.00000    100.10000    300.00000     54.4
     0.00000     50.10000   -200.00000     54.5
     0.00000     50.10000   -100.00000     54.6
     0.00000     50.10000      0.00000     54.7
     0.00000     50.10000    100.00000     54.8
     0.00000     50.10000    200.00000     54.9
     0.00000     50.10000    300.00000     55.0
     0.00000      0.10000   -200.00000     55.1
     0.00000      0.10000   -100.00000     55.2
     0.00000      0.10000      0.00000     55.3
     0.00000      0.10000    100.00000     55.4
     0.00000      0.10000    200.00000     55.5
     0.00000      0.10000    300.00000     55.6
     0.00000    -49.90000   -200.00000     55.7
     0.00000    -49.90000   -100.00000     55.8
     0.00000    -49.90000      0.00000     55.9
     0.00000    -49.90000    100.00000     56.0
     0.00000    -49.90000    200.00000     56.1
     0.00000    -49.90000    300.00000     56.2
     0.00000    -99.90000   -200.00000     56.3
     0.00000    -99.90000   -100.00000     56.4
     0.00000    -99.90000      0.00000     56.5
     0.00000    -99.90000    100.00000     56.6
     0.00000    -99.90000    200.00000     56.7
     0.00000    -99.90000    300.00000     56.8
     0.00000   -149.90000   -200.00000     56.9
     0.00000   -149.90000   -100.00000     57.0
     0.00000   -149.90000      0.00000     57.1
     0.00000   -149.90000    100.00000     57.2
     0.00000   -149.90000    200.00000     57.3
     0.00000   -149.90000    300.00000     57.4
     0.00000   -199.90000   -200.00000     57.5
     0.00000   -199.90000   -100.00000     57.6
     0.00000   -199.90000      0.00000     57.7
     0.00000   -199.90000    100.00000     57.8
     0.00000   -199.90000    200.00000     57.9
     0.00000   -199.90000    300.00000     58.0
     0.00000   -249.90000   -200.00000     58.1
     0.00000   -249.90000   -100.00000     58.2
     0.00000   -249.90000      0.00000     58.3
     0.00000   -249.90000    100.00000     58.4
     0.00000   -249.90000    200.00000     58.5
     0.00000   -249.90000    300.00000     58.6
     0.00000    250.10000   -200.00000     58.7
     0.00000    250.10000   -100.00000     58.8
     0.00000    250.10000      0.00000     58.9
     0.00000    250.10000    100.00000     59.0
     0.00000    250.10000    200.00000     59.1
     0.00000    250.10000    300.00000     59.2
     0.00000    200.10000   -200.00000     59.3
     0.00000    200.10000   -100.00000     59.4
     0.00000    200.10000      0.00000     59.5
     0.00000    200.10000    100.00000     59.6
     0.00000    200.10000    200.00000     59.7
     0.00000    200.10000    300.00000     59.8
     0.00000    150.10000   -180.00000     59.9
     0.00000    150.10000    -60.00000     60.0
     0.00000    150.10000     60.00000     60.1
     0.00000    150.10000    180.00000     60.2
     0.00000    150.10000    300.00000     60.3
     0.00000    100.10000   -180.00000     60.4
     0.00000    100.10000    -60.00000     60.5
     0.00000    100.10000     60.00000     60.6
     0.00000    100.10000    180.00000     60.7
     0.00000    100.10000    300.00000     60.8
     0.00000     50.10000   -180.00000     60.9
     0.00000     50.10000    -60.00000     61.0
     0.00000     50.10000     60.00000     61.1
     0.00000     50.10000    180.00000     61.2
     0.00000     50.10000    300.00000     61.3
     0.00000      0.10000   -180.00000     61.4
     0.00000      0.10000    -60.00000     61.5
     0.00000      0.10000     60.00000     61.6
     0.00000      0.10000    180.00000     61.7
     0.00000      0.10000    300.00000     61.8
     0.00000    -49.90000   -180.00000     61.9
     0.00000    -49.90000    -60.00000     62.0
     0.00000    -49.90000     60.00000     62.1
     0.00000    -49.90000    180.00000     62.2
     0.00000    -49.90000    300.00000     62.3
     0.00000    -99.90000   -180.00000     62.4
     0.00000    -99.90000    -60.00000     62.5
     0.00000    -99.90000     60.00000     62.6
     0.00000    -99.90000    180.00000     62.7
     0.00000    -99.90000    300.00000     62.8
     0.00000   -149.90000   -180.00000     62.9
     0.00000   -149.90000    -60.00000     63.0
     0.00000   -149.90000     60.00000     63.1
     0.00000   -149.90000    180.00000     63.2
     0.00000   -149.90000    300.00000     63.3
     0.00000   -199.90000   -180.00000     63.4
     0.00000   -199.90000    -60.00000     63.5
     0.00000   -199.90000     60.00000     63.6
     0.00000   -199.90000    180.00000     63.7
     0.00000   -199.90000    300.00000     63.8
     0.00000   -249.90000   -180.00000     63.9
     0.00000   -249.90000    -60.00000     64.0
     0.00000   -249.90000     60.00000     64.1
     0.00000   -249.90000    180.00000     64.2
     0.00000   -249.90000    300.00000     64.3
     0.00000    250.10000   -180.00000     64.4
     0.00000    250.10000    -60.00000     64.5
     0.00000    250.10000     60.00000     64.6
     0.00000    250.10000    180.00000     64.7
     0.00000    250.10000    300.00000     64.8
     0.00000    200.10000   -180.00000     64.9
     0.00000    200.10000    -60.00000     65.0
     0.00000    200.10000     60.00000     65.1
     0.00000    200.10000    180.00000     65.2
     0.00000    200.10000    300.00000     65.3
     0.00000    150.10000   -150.00000     65.4
     0.00000    150.10000      0.00000     65.5
     0.00000    150.10000    150.00000     65.6
     0.00000    150.10000    300.00000     65.7
     0.00000    100.10000   -150.00000     65.8
     0.00000    100.10000      0.00000     65.9
     0.00000    100.10000    150.00000     66.0
     0.00000    100.10000    300.00000     66.1
     0.00000     50.10000   -150.00000     66.2
     0.00000     50.10000      0.00000     66.3
     0.00000     50.10000    150.00000     66.4
     0.00000     50.10000    300.00000     66.5
     0.00000      0.10000   -150.00000     66.6
     0.00000      0.10000      0.00000     66.7
     0.00000      0.10000    150.00000     66.8
     0.00000      0.10000    300.00000     66.9
     0.00000    -49.90000   -150.00000     67.0
     0.00000    -49.90000      0.00000     67.1
     0.00000    -49.90000    150.00000     67.2
     0.00000    -49.90000    300.00000     67.3
     0.00000    -99.90000   -150.00000     67.4
     0.00000    -99.90000      0.00000     67.5
     0.00000    -99.90000    150.00000     67.6
     0.00000    -99.90000    300.00000     67.7
     0.00000   -149.90000   -150.00000     67.8
     0.00000   -149.90000      0.00000     67.9
     0.00000   -149.90000    150.00000     68.0
     0.00000   -149.90000    300.00000     68.1
     0.00000   -199.90000   -150.00000     68.2
     0.00000   -199.90000      0.00000     68.3
     0.00000   -199.90000    150.00000     68.4
     0.00000   -199.90000    300.00000     68.5
     0.00000   -249.90000   -150.00000     68.6
     0.00000   -249.90000      0.00000     68.7
     0.00000   -249.90000    150.00000     68.8
     0.00000   -249.90000    300.00000     68.9
     0.00000    250.10000   -150.00000     69.0
     0.00000    250.10000      0.00000     69.1
     0.00000    250.10000    150.00000     69.2
     0.00000    250.10000    300.00000     69.3
     0.00000    200.10000   -150.00000     69.4
     0.00000    200.10000      0.00000     69.5
     0.00000    200.10000    150.00000     69.6
     0.00000    200.10000    300.00000     69.7
     0.00000    150.10000   -150.00000     69.8
     0.00000    150.10000      0.00000     69.9
     0.00000    150.10000    150.00000     70.0
     0.00000    150.10000    300.00000     70.1
     0.00000    100.10000   -150.00000     70.2
     0.00000    100.10000      0.00000     70.3
     0.00000    100.10000    150.00000     70.4
     0.00000    100.10000    300.00000     70.5
     0.00000     50.10000   -100.00000     70.6
     0.00000     50.10000    100.00000     70.7
     0.00000     50.10000    300.00000     70.8
     0.00000      0.10000   -100.00000     70.9
     0.00000      0.10000    100.00000     71.0
     0.00000      0.10000    300.00000     71.1
     0.00000    -49.90000   -100.00000     71.2
     0.00000    -49.90000    100.00000     71.3
     0.00000    -49.90000    300.00000     71.4
     0.00000    -99.90000   -100.00000     71.5
     0.00000    -99.90000    100.00000     71.6
     0.00000    -99.90000    300.00000     71.7
     0.00000   -149.90000   -100.00000     71.8
     0.00000   -149.90000    100.00000     71.9
     0.00000   -149.90000    300.00000     72.0
     0.00000   -199.90000   -100.00000     72.1
     0.00000   -199.90000    100.00000     72.2
     0.00000   -199.90000    300.00000     72.3
     0.00000   -249.90000   -100.00000     72.4
     0.00000   -249.90000    100.00000     72.5
     0.00000   -249.90000    300.00000     72.6
     0.00000    250.10000   -100.00000     72.7
     0.00000    250.10000    100.00000     72.8
     0.00000    250.10000    300.00000     72.9
     0.00000    200.10000   -100.00000     73.0
     0.00000    200.10000    100.00000     73.1
     0.00000    200.10000    300.00000     73.2
     0.00000    150.10000   -100.00000     73.3
     0.00000    150.10000    100.00000     73.4
     0.00000    150.10000    300.00000     73.5
     0.00000    100.10000   -100.00000     73.6
     0.00000    100.10000    100.00000     73.7
     0.00000    100.10000    300.00000     73.8
     0.00000     50.10000   -100.00000     73.9
     0.00000     50.10000    100.00000     74.0
     0.00000     50.10000    300.00000     74.1
     0.00000      0.10000   -100.00000     74.2
     0.00000      0.10000    100.00000     74.3
     0.00000      0.10000    300.00000     74.4
     0.00000    -49.90000   -100.00000     74.5
     0.00000    -49.90000    100.00000     74.6
     0.00000    -49.90000    300.00000     74.7
     0.00000    -99.90000   -100.00000     74.8
     0.00000    -99.90000    100.00000     74.9
     0.00000    -99.90000    300.00000     75.0
     0.00000   -149.90000   -100.00000     75.1
     0.00000   -149.90000    100.00000     75.2
     0.00000   -149.90000    300.00000     75.3
     0.00000   -199.90000   -100.00000     75.4
     0.00000   -199.90000    100.00000     75.5
     0.00000   -199.90000    300.00000     75.6
     0.00000   -249.90000      0.00000     75.7
     0.00000   -249.90000    300.00000     75.8
