    29.01429   1306.70000    569.68571    121.1
    -8.76811   1276.70000    603.36684    121.2
    88.07143   1276.70000    527.57857    121.3
   -25.03061   1246.70000    620.20612    121.4
    61.04898   1246.70000    552.83878    121.5
   147.12857   1246.70000    485.47143    121.6
   -41.45132   1216.70000    637.01340    121.7
    33.71011   1216.70000    578.03497    121.8
   108.87155   1216.70000    519.05653    121.9
   184.03298   1216.70000    460.07810    122.0
   -47.42850   1186.70000    645.33575    122.1
    27.25831   1186.70000    586.26130    122.2
   101.94512   1186.70000    527.18685    122.3
   176.63193   1186.70000    468.11240    122.4
   -28.66828   1156.70000    633.93461    122.5
    70.28129   1156.70000    555.04066    122.6
   169.23087   1156.70000    476.14670    122.7
   -34.80367   1126.70000    642.22496    122.8
    63.51307   1126.70000    563.20298    122.9
   161.82982   1126.70000    484.18100    123.0
   -40.93905   1096.70000    650.51531    123.1
    56.74485   1096.70000    571.36530    123.2
   154.42876   1096.70000    492.21530    123.3
   -47.07444   1066.70000    658.80565    123.4
    49.97663   1066.70000    579.52763    123.5
   147.02770   1066.70000    500.24960    123.6
   -53.20982   1036.70000    667.09600    123.7
    43.20841   1036.70000    587.68995    123.8
   139.62665   1036.70000    508.28391    123.9
   -59.34521   1006.70000    675.38634    124.0
    36.44019   1006.70000    595.85227    124.1
   132.22559   1006.70000    516.31821    124.2
   -65.48060    976.70000    683.67669    124.3
    29.67197    976.70000    604.01460    124.4
   124.82454    976.70000    524.35251    124.5
     6.21174    946.70000    625.54498    124.6
   117.42348    946.70000    532.38681    124.7
   110.02243    916.70000    540.42111    124.8
   102.62137    886.70000    548.45541    124.9
