   247.85740   1335.90000    339.82869      0.0
   230.52829   1335.90000    349.81377      0.1
   213.19917   1335.90000    359.79886      0.2
   195.87006   1335.90000    369.78394      0.3
   285.28436   1325.90000    318.26712      0.4
   268.16187   1325.90000    328.13315      0.5
   251.03939   1325.90000    337.99917      0.6
   233.91690   1325.90000    347.86520      0.7
   216.79442   1325.90000    357.73123      0.8
   199.67193   1325.90000    367.59725      0.9
   322.85040   1315.90000    296.62542      1.0
   306.02727   1315.90000    306.31896      1.1
   289.20413   1315.90000    316.01250      1.2
   272.38099   1315.90000    325.70604      1.3
   255.55786   1315.90000    335.39957      1.4
   238.73472   1315.90000    345.09311      1.5
   221.91159   1315.90000    354.78665      1.6
   205.08845   1315.90000    364.48019      1.7
   188.26531   1315.90000    374.17373      1.8
   360.60733   1305.90000    274.87372      1.9
   344.21080   1305.90000    284.32145      2.0
   327.81427   1305.90000    293.76918      2.1
   311.41774   1305.90000    303.21691      2.2
   295.02121   1305.90000    312.66464      2.3
   278.62468   1305.90000    322.11236      2.4
   262.22814   1305.90000    331.56009      2.5
   245.83161   1305.90000    341.00782      2.6
   229.43508   1305.90000    350.45555      2.7
   213.03855   1305.90000    359.90328      2.8
   196.64202   1305.90000    369.35101      2.9
   398.45594   1295.90000    253.06920      3.0
   382.54714   1295.90000    262.23590      3.1
   366.63834   1295.90000    271.40260      3.2
   350.72953   1295.90000    280.56929      3.3
   334.82073   1295.90000    289.73599      3.4
   318.91192   1295.90000    298.90269      3.5
   303.00312   1295.90000    308.06939      3.6
   287.09432   1295.90000    317.23609      3.7
   271.18551   1295.90000    326.40279      3.8
   255.27671   1295.90000    335.56949      3.9
   239.36790   1295.90000    344.73619      4.0
   223.45910   1295.90000    353.90288      4.1
   207.55030   1295.90000    363.06958      4.2
   191.64149   1295.90000    372.23628      4.3
   436.43158   1285.90000    231.19148      4.4
   421.09519   1285.90000    240.02835      4.5
   405.75880   1285.90000    248.86523      4.6
   390.42240   1285.90000    257.70210      4.7
   375.08601   1285.90000    266.53898      4.8
   359.74962   1285.90000    275.37585      4.9
   344.41323   1285.90000    284.21272      5.0
   329.07684   1285.90000    293.04960      5.1
   313.74044   1285.90000    301.88647      5.2
   298.40405   1285.90000    310.72334      5.3
   283.06766   1285.90000    319.56022      5.4
   267.73127   1285.90000    328.39709      5.5
   252.39487   1285.90000    337.23396      5.6
   237.05848   1285.90000    346.07084      5.7
   221.72209   1285.90000    354.90771      5.8
   206.38570   1285.90000    363.74459      5.9
   191.04930   1285.90000    372.58146      6.0
   474.49461   1275.90000    209.26341      6.1
   459.78890   1275.90000    217.73689      6.2
   445.08318   1275.90000    226.21036      6.3
   430.37746   1275.90000    234.68384      6.4
   415.67174   1275.90000    243.15732      6.5
   400.96602   1275.90000    251.63079      6.6
   386.26030   1275.90000    260.10427      6.7
   371.55459   1275.90000    268.57775      6.8
   356.84887   1275.90000    277.05123      6.9
   342.14315   1275.90000    285.52470      7.0
   327.43743   1275.90000    293.99818      7.1
   312.73171   1275.90000    302.47166      7.2
   298.02600   1275.90000    310.94514      7.3
   283.32028   1275.90000    319.41861      7.4
   268.61456   1275.90000    327.89209      7.5
   253.90884   1275.90000    336.36557      7.6
   239.20312   1275.90000    344.83905      7.7
   224.49740   1275.90000    353.31252      7.8
   209.79169   1275.90000    361.78600      7.9
   195.08597   1275.90000    370.25948      8.0
   180.38025   1275.90000    378.73296      8.1
   489.20217   1265.90000    201.13441      8.2
   475.18499   1265.90000    209.19698      8.3
   461.16781   1265.90000    217.25956      8.4
   447.15063   1265.90000    225.32213      8.5
   433.13345   1265.90000    233.38471      8.6
   419.11626   1265.90000    241.44728      8.7
   405.09908   1265.90000    249.50985      8.8
   391.08190   1265.90000    257.57243      8.9
   377.06472   1265.90000    265.63500      9.0
   363.04754   1265.90000    273.69758      9.1
   349.03036   1265.90000    281.76015      9.2
   335.01317   1265.90000    289.82273      9.3
   320.99599   1265.90000    297.88530      9.4
   306.97881   1265.90000    305.94787      9.5
   292.96163   1265.90000    314.01045      9.6
   278.94445   1265.90000    322.07302      9.7
   264.92727   1265.90000    330.13560      9.8
   250.91008   1265.90000    338.19817      9.9
   236.89290   1265.90000    346.26074     10.0
   222.87572   1265.90000    354.32332     10.1
   208.85854   1265.90000    362.38589     10.2
   194.84136   1265.90000    370.44847     10.3
   180.82418   1265.90000    378.51104     10.4
   488.23903   1255.90000    202.26518     10.5
   474.88203   1255.90000    209.92544     10.6
   461.52504   1255.90000    217.58570     10.7
   448.16804   1255.90000    225.24596     10.8
   434.81105   1255.90000    232.90621     10.9
   421.45405   1255.90000    240.56647     11.0
   408.09706   1255.90000    248.22673     11.1
   394.74006   1255.90000    255.88699     11.2
   381.38307   1255.90000    263.54725     11.3
   368.02607   1255.90000    271.20751     11.4
   354.66908   1255.90000    278.86776     11.5
   341.31208   1255.90000    286.52802     11.6
   327.95509   1255.90000    294.18828     11.7
   314.59809   1255.90000    301.84854     11.8
   301.24110   1255.90000    309.50880     11.9
   287.88410   1255.90000    317.16905     12.0
   274.52711   1255.90000    324.82931     12.1
   261.17011   1255.90000    332.48957     12.2
   247.81312   1255.90000    340.14983     12.3
   234.45612   1255.90000    347.81009     12.4
   221.09913   1255.90000    355.47035     12.5
   207.74213   1255.90000    363.13060     12.6
   194.38514   1255.90000    370.79086     12.7
   181.02814   1255.90000    378.45112     12.8
   487.19204   1245.90000    203.44709     12.9
   474.43934   1245.90000    210.73913     13.0
   461.68664   1245.90000    218.03116     13.1
   448.93394   1245.90000    225.32320     13.2
   436.18124   1245.90000    232.61524     13.3
   423.42853   1245.90000    239.90727     13.4
   410.67583   1245.90000    247.19931     13.5
   397.92313   1245.90000    254.49134     13.6
   385.17043   1245.90000    261.78338     13.7
   372.41773   1245.90000    269.07541     13.8
   359.66503   1245.90000    276.36745     13.9
   346.91232   1245.90000    283.65948     14.0
   334.15962   1245.90000    290.95152     14.1
   321.40692   1245.90000    298.24355     14.2
   308.65422   1245.90000    305.53559     14.3
   295.90152   1245.90000    312.82762     14.4
   283.14881   1245.90000    320.11966     14.5
   270.39611   1245.90000    327.41170     14.6
   257.64341   1245.90000    334.70373     14.7
   244.89071   1245.90000    341.99577     14.8
   232.13801   1245.90000    349.28780     14.9
   219.38531   1245.90000    356.57984     15.0
   206.63260   1245.90000    363.87187     15.1
   193.87990   1245.90000    371.16391     15.2
   181.12720   1245.90000    378.45594     15.3
   168.37450   1245.90000    385.74798     15.4
   486.09763   1235.90000    204.65898     15.5
   473.91760   1235.90000    211.60278     15.6
   461.73757   1235.90000    218.54657     15.7
   449.55754   1235.90000    225.49037     15.8
   437.37752   1235.90000    232.43417     15.9
   425.19749   1235.90000    239.37796     16.0
   413.01746   1235.90000    246.32176     16.1
   400.83743   1235.90000    253.26555     16.2
   388.65740   1235.90000    260.20935     16.3
   376.47737   1235.90000    267.15315     16.4
   364.29735   1235.90000    274.09694     16.5
   352.11732   1235.90000    281.04074     16.6
   339.93729   1235.90000    287.98453     16.7
   327.75726   1235.90000    294.92833     16.8
   315.57723   1235.90000    301.87213     16.9
   303.39721   1235.90000    308.81592     17.0
   291.21718   1235.90000    315.75972     17.1
   279.03715   1235.90000    322.70351     17.2
   266.85712   1235.90000    329.64731     17.3
   254.67709   1235.90000    336.59111     17.4
   242.49706   1235.90000    343.53490     17.5
   230.31704   1235.90000    350.47870     17.6
   218.13701   1235.90000    357.42249     17.7
   205.95698   1235.90000    364.36629     17.8
   193.77695   1235.90000    371.31009     17.9
   181.59692   1235.90000    378.25388     18.0
   169.41689   1235.90000    385.19768     18.1
   484.92110   1225.90000    205.92034     18.2
   473.25900   1225.90000    212.54887     18.3
   461.59690   1225.90000    219.17741     18.4
   449.93480   1225.90000    225.80594     18.5
   438.27270   1225.90000    232.43448     18.6
   426.61060   1225.90000    239.06301     18.7
   414.94850   1225.90000    245.69155     18.8
   403.28640   1225.90000    252.32008     18.9
   391.62430   1225.90000    258.94862     19.0
   379.96220   1225.90000    265.57715     19.1
   368.30010   1225.90000    272.20569     19.2
   356.63800   1225.90000    278.83422     19.3
   344.97590   1225.90000    285.46276     19.4
   333.31380   1225.90000    292.09129     19.5
   321.65170   1225.90000    298.71983     19.6
   309.98960   1225.90000    305.34837     19.7
   298.32750   1225.90000    311.97690     19.8
   286.66540   1225.90000    318.60544     19.9
   275.00330   1225.90000    325.23397     20.0
   263.34120   1225.90000    331.86251     20.1
   251.67910   1225.90000    338.49104     20.2
   240.01700   1225.90000    345.11958     20.3
   228.35490   1225.90000    351.74811     20.4
   216.69280   1225.90000    358.37665     20.5
   205.03070   1225.90000    365.00518     20.6
   193.36860   1225.90000    371.63372     20.7
   181.70650   1225.90000    378.26225     20.8
   170.04440   1225.90000    384.89079     20.9
   483.66814   1215.90000    207.22753     21.0
   472.47301   1215.90000    213.57137     21.1
   461.27789   1215.90000    219.91520     21.2
   450.08277   1215.90000    226.25903     21.3
   438.88764   1215.90000    232.60287     21.4
   427.69252   1215.90000    238.94670     21.5
   416.49740   1215.90000    245.29053     21.6
   405.30227   1215.90000    251.63437     21.7
   394.10715   1215.90000    257.97820     21.8
   382.91202   1215.90000    264.32204     21.9
   371.71690   1215.90000    270.66587     22.0
   360.52178   1215.90000    277.00970     22.1
   349.32665   1215.90000    283.35354     22.2
   338.13153   1215.90000    289.69737     22.3
   326.93641   1215.90000    296.04120     22.4
   315.74128   1215.90000    302.38504     22.5
   304.54616   1215.90000    308.72887     22.6
   293.35104   1215.90000    315.07271     22.7
   282.15591   1215.90000    321.41654     22.8
   270.96079   1215.90000    327.76037     22.9
   259.76567   1215.90000    334.10421     23.0
   248.57054   1215.90000    340.44804     23.1
   237.37542   1215.90000    346.79187     23.2
   226.18030   1215.90000    353.13571     23.3
   214.98517   1215.90000    359.47954     23.4
   203.79005   1215.90000    365.82338     23.5
   192.59492   1215.90000    372.16721     23.6
   181.39980   1215.90000    378.51104     23.7
   170.20468   1215.90000    384.85488     23.8
   482.34377   1205.90000    208.57735     23.9
   471.56802   1205.90000    214.66490     24.0
   460.79226   1205.90000    220.75245     24.1
   450.01651   1205.90000    226.84000     24.2
   439.24076   1205.90000    232.92754     24.3
   428.46500   1205.90000    239.01509     24.4
   417.68925   1205.90000    245.10264     24.5
   406.91350   1205.90000    251.19019     24.6
   396.13775   1205.90000    257.27774     24.7
   385.36199   1205.90000    263.36529     24.8
   374.58624   1205.90000    269.45283     24.9
   363.81049   1205.90000    275.54038     25.0
   353.03474   1205.90000    281.62793     25.1
   342.25898   1205.90000    287.71548     25.2
   331.48323   1205.90000    293.80303     25.3
   320.70748   1205.90000    299.89058     25.4
   309.93172   1205.90000    305.97813     25.5
   299.15597   1205.90000    312.06567     25.6
   288.38022   1205.90000    318.15322     25.7
   277.60447   1205.90000    324.24077     25.8
   266.82871   1205.90000    330.32832     25.9
   256.05296   1205.90000    336.41587     26.0
   245.27721   1205.90000    342.50342     26.1
   234.50146   1205.90000    348.59096     26.2
   223.72570   1205.90000    354.67851     26.3
   212.94995   1205.90000    360.76606     26.4
   202.17420   1205.90000    366.85361     26.5
   191.39844   1205.90000    372.94116     26.6
   180.62269   1205.90000    379.02871     26.7
   169.84694   1205.90000    385.11626     26.8
   480.95235   1195.90000    209.96698     26.9
   470.55128   1195.90000    215.82478     27.0
   460.15020   1195.90000    221.68259     27.1
   449.74912   1195.90000    227.54039     27.2
   439.34804   1195.90000    233.39819     27.3
   428.94696   1195.90000    239.25600     27.4
   418.54588   1195.90000    245.11380     27.5
   408.14481   1195.90000    250.97160     27.6
   397.74373   1195.90000    256.82941     27.7
   387.34265   1195.90000    262.68721     27.8
   376.94157   1195.90000    268.54501     27.9
   366.54049   1195.90000    274.40282     28.0
   356.13941   1195.90000    280.26062     28.1
   345.73834   1195.90000    286.11842     28.2
   335.33726   1195.90000    291.97623     28.3
   324.93618   1195.90000    297.83403     28.4
   314.53510   1195.90000    303.69183     28.5
   304.13402   1195.90000    309.54964     28.6
   293.73294   1195.90000    315.40744     28.7
   283.33187   1195.90000    321.26524     28.8
   272.93079   1195.90000    327.12305     28.9
   262.52971   1195.90000    332.98085     29.0
   252.12863   1195.90000    338.83865     29.1
   241.72755   1195.90000    344.69646     29.2
   231.32647   1195.90000    350.55426     29.3
   220.92539   1195.90000    356.41206     29.4
   210.52432   1195.90000    362.26987     29.5
   200.12324   1195.90000    368.12767     29.6
   189.72216   1195.90000    373.98547     29.7
   179.32108   1195.90000    379.84327     29.8
   168.92000   1195.90000    385.70108     29.9
   479.49762   1185.90000    211.39399     30.0
   469.42900   1185.90000    217.04697     30.1
   459.36037   1185.90000    222.69996     30.2
   449.29175   1185.90000    228.35294     30.3
   439.22313   1185.90000    234.00592     30.4
   429.15451   1185.90000    239.65890     30.5
   419.08589   1185.90000    245.31188     30.6
   409.01727   1185.90000    250.96486     30.7
   398.94865   1185.90000    256.61785     30.8
   388.88003   1185.90000    262.27083     30.9
   378.81140   1185.90000    267.92381     31.0
   368.74278   1185.90000    273.57679     31.1
   358.67416   1185.90000    279.22977     31.2
   348.60554   1185.90000    284.88275     31.3
   338.53692   1185.90000    290.53574     31.4
   328.46830   1185.90000    296.18872     31.5
   318.39968   1185.90000    301.84170     31.6
   308.33106   1185.90000    307.49468     31.7
   298.26244   1185.90000    313.14766     31.8
   288.19381   1185.90000    318.80065     31.9
   278.12519   1185.90000    324.45363     32.0
   268.05657   1185.90000    330.10661     32.1
   257.98795   1185.90000    335.75959     32.2
   247.91933   1185.90000    341.41257     32.3
   237.85071   1185.90000    347.06555     32.4
   227.78209   1185.90000    352.71854     32.5
   217.71347   1185.90000    358.37152     32.6
   207.64485   1185.90000    364.02450     32.7
   197.57622   1185.90000    369.67748     32.8
   187.50760   1185.90000    375.33046     32.9
   177.43898   1185.90000    380.98344     33.0
   167.37036   1185.90000    386.63643     33.1
   157.30174   1185.90000    392.28941     33.2
   477.99553   1175.90000    212.84913     33.3
   468.22780   1175.90000    218.31604     33.4
   458.46007   1175.90000    223.78295     33.5
   448.69234   1175.90000    229.24986     33.6
   438.92461   1175.90000    234.71676     33.7
   429.15688   1175.90000    240.18367     33.8
   419.38915   1175.90000    245.65058     33.9
   409.62142   1175.90000    251.11749     34.0
   399.85369   1175.90000    256.58440     34.1
   390.08596   1175.90000    262.05131     34.2
   380.31823   1175.90000    267.51821     34.3
   370.55050   1175.90000    272.98512     34.4
   360.78277   1175.90000    278.45203     34.5
   351.01504   1175.90000    283.91894     34.6
   341.24732   1175.90000    289.38585     34.7
   331.47959   1175.90000    294.85276     34.8
   321.71186   1175.90000    300.31967     34.9
   311.94413   1175.90000    305.78657     35.0
   302.17640   1175.90000    311.25348     35.1
   292.40867   1175.90000    316.72039     35.2
   282.64094   1175.90000    322.18730     35.3
   272.87321   1175.90000    327.65421     35.4
   263.10548   1175.90000    333.12112     35.5
   253.33775   1175.90000    338.58803     35.6
   243.57002   1175.90000    344.05493     35.7
   233.80229   1175.90000    349.52184     35.8
   224.03456   1175.90000    354.98875     35.9
   214.26683   1175.90000    360.45566     36.0
   204.49910   1175.90000    365.92257     36.1
   194.73137   1175.90000    371.38948     36.2
   184.96364   1175.90000    376.85638     36.3
   175.19591   1175.90000    382.32329     36.4
   165.42818   1175.90000    387.79020     36.5
   476.42066   1165.90000    214.34634     36.6
   466.90530   1165.90000    219.65522     36.7
   457.38995   1165.90000    224.96411     36.8
   447.87459   1165.90000    230.27299     36.9
   438.35923   1165.90000    235.58187     37.0
   428.84387   1165.90000    240.89076     37.1
   419.32852   1165.90000    246.19964     37.2
   409.81316   1165.90000    251.50852     37.3
   400.29780   1165.90000    256.81741     37.4
   390.78244   1165.90000    262.12629     37.5
   381.26709   1165.90000    267.43517     37.6
   371.75173   1165.90000    272.74406     37.7
   362.23637   1165.90000    278.05294     37.8
   352.72101   1165.90000    283.36182     37.9
   343.20566   1165.90000    288.67071     38.0
   333.69030   1165.90000    293.97959     38.1
   324.17494   1165.90000    299.28847     38.2
   314.65958   1165.90000    304.59736     38.3
   305.14423   1165.90000    309.90624     38.4
   295.62887   1165.90000    315.21513     38.5
   286.11351   1165.90000    320.52401     38.6
   276.59815   1165.90000    325.83289     38.7
   267.08280   1165.90000    331.14178     38.8
   257.56744   1165.90000    336.45066     38.9
   248.05208   1165.90000    341.75954     39.0
   238.53672   1165.90000    347.06843     39.1
   229.02137   1165.90000    352.37731     39.2
   219.50601   1165.90000    357.68619     39.3
   209.99065   1165.90000    362.99508     39.4
   200.47529   1165.90000    368.30396     39.5
   190.95994   1165.90000    373.61284     39.6
   181.44458   1165.90000    378.92173     39.7
   171.92922   1165.90000    384.23061     39.8
   162.41386   1165.90000    389.53949     39.9
   474.78995   1155.90000    215.87582     40.0
   465.48974   1155.90000    221.04820     40.1
   456.18953   1155.90000    226.22057     40.2
   446.88932   1155.90000    231.39295     40.3
   437.58910   1155.90000    236.56533     40.4
   428.28889   1155.90000    241.73770     40.5
   418.98868   1155.90000    246.91008     40.6
   409.68846   1155.90000    252.08245     40.7
   400.38825   1155.90000    257.25483     40.8
   391.08804   1155.90000    262.42720     40.9
   381.78782   1155.90000    267.59958     41.0
   372.48761   1155.90000    272.77196     41.1
   363.18740   1155.90000    277.94433     41.2
   353.88718   1155.90000    283.11671     41.3
   344.58697   1155.90000    288.28908     41.4
   335.28676   1155.90000    293.46146     41.5
   325.98654   1155.90000    298.63383     41.6
   316.68633   1155.90000    303.80621     41.7
   307.38612   1155.90000    308.97858     41.8
   298.08591   1155.90000    314.15096     41.9
   288.78569   1155.90000    319.32334     42.0
   279.48548   1155.90000    324.49571     42.1
   270.18527   1155.90000    329.66809     42.2
   260.88505   1155.90000    334.84046     42.3
   251.58484   1155.90000    340.01284     42.4
   242.28463   1155.90000    345.18521     42.5
   232.98441   1155.90000    350.35759     42.6
   223.68420   1155.90000    355.52997     42.7
   214.38399   1155.90000    360.70234     42.8
   205.08377   1155.90000    365.87472     42.9
   195.78356   1155.90000    371.04709     43.0
   186.48335   1155.90000    376.21947     43.1
   177.18314   1155.90000    381.39184     43.2
   167.88292   1155.90000    386.56422     43.3
   158.58271   1155.90000    391.73659     43.4
   473.10449   1145.90000    217.43669     43.5
   463.98292   1145.90000    222.49349     43.6
   454.86134   1145.90000    227.55028     43.7
   445.73977   1145.90000    232.60707     43.8
   436.61819   1145.90000    237.66386     43.9
   427.49662   1145.90000    242.72065     44.0
   418.37505   1145.90000    247.77744     44.1
   409.25347   1145.90000    252.83423     44.2
   400.13190   1145.90000    257.89102     44.3
   391.01033   1145.90000    262.94782     44.4
   381.88875   1145.90000    268.00461     44.5
   372.76718   1145.90000    273.06140     44.6
   363.64561   1145.90000    278.11819     44.7
   354.52403   1145.90000    283.17498     44.8
   345.40246   1145.90000    288.23177     44.9
   336.28088   1145.90000    293.28856     45.0
   327.15931   1145.90000    298.34535     45.1
   318.03774   1145.90000    303.40215     45.2
   308.91616   1145.90000    308.45894     45.3
   299.79459   1145.90000    313.51573     45.4
   290.67302   1145.90000    318.57252     45.5
   281.55144   1145.90000    323.62931     45.6
   272.42987   1145.90000    328.68610     45.7
   263.30830   1145.90000    333.74289     45.8
   254.18672   1145.90000    338.79969     45.9
   245.06515   1145.90000    343.85648     46.0
   235.94357   1145.90000    348.91327     46.1
   226.82200   1145.90000    353.97006     46.2
   217.70043   1145.90000    359.02685     46.3
   208.57885   1145.90000    364.08364     46.4
   199.45728   1145.90000    369.14043     46.5
   190.33571   1145.90000    374.19722     46.6
   181.21413   1145.90000    379.25402     46.7
   172.09256   1145.90000    384.31081     46.8
   162.97099   1145.90000    389.36760     46.9
   153.84941   1145.90000    394.42439     47.0
   471.36463   1135.90000    219.02846     47.1
   462.38543   1135.90000    223.99027     47.2
   453.40623   1135.90000    228.95207     47.3
   444.42704   1135.90000    233.91388     47.4
   435.44784   1135.90000    238.87569     47.5
   426.46864   1135.90000    243.83749     47.6
   417.48945   1135.90000    248.79930     47.7
   408.51025   1135.90000    253.76110     47.8
   399.53105   1135.90000    258.72291     47.9
   390.55185   1135.90000    263.68472     48.0
   381.57266   1135.90000    268.64652     48.1
   372.59346   1135.90000    273.60833     48.2
   363.61426   1135.90000    278.57013     48.3
   354.63507   1135.90000    283.53194     48.4
   345.65587   1135.90000    288.49375     48.5
   336.67667   1135.90000    293.45555     48.6
   327.69747   1135.90000    298.41736     48.7
   318.71828   1135.90000    303.37916     48.8
   309.73908   1135.90000    308.34097     48.9
   300.75988   1135.90000    313.30278     49.0
   291.78069   1135.90000    318.26458     49.1
   282.80149   1135.90000    323.22639     49.2
   273.82229   1135.90000    328.18819     49.3
   264.84309   1135.90000    333.15000     49.4
   255.86390   1135.90000    338.11181     49.5
   246.88470   1135.90000    343.07361     49.6
   237.90550   1135.90000    348.03542     49.7
   228.92630   1135.90000    352.99722     49.8
   219.94711   1135.90000    357.95903     49.9
   210.96791   1135.90000    362.92083     50.0
   201.98871   1135.90000    367.88264     50.1
   193.00952   1135.90000    372.84445     50.2
   184.03032   1135.90000    377.80625     50.3
   175.05112   1135.90000    382.76806     50.4
   166.07192   1135.90000    387.72986     50.5
   157.09273   1135.90000    392.69167     50.6
   469.56616   1125.90000    220.65316     50.7
   460.69027   1125.90000    225.54194     50.8
   451.81437   1125.90000    230.43071     50.9
   442.93848   1125.90000    235.31949     51.0
   434.06259   1125.90000    240.20827     51.1
   425.18669   1125.90000    245.09704     51.2
   416.31080   1125.90000    249.98582     51.3
   407.43491   1125.90000    254.87459     51.4
   398.55901   1125.90000    259.76337     51.5
   389.68312   1125.90000    264.65214     51.6
   380.80723   1125.90000    269.54092     51.7
   371.93133   1125.90000    274.42970     51.8
   363.05544   1125.90000    279.31847     51.9
   354.17954   1125.90000    284.20725     52.0
   345.30365   1125.90000    289.09602     52.1
   336.42776   1125.90000    293.98480     52.2
   327.55186   1125.90000    298.87357     52.3
   318.67597   1125.90000    303.76235     52.4
   309.80008   1125.90000    308.65112     52.5
   300.92418   1125.90000    313.53990     52.6
   292.04829   1125.90000    318.42868     52.7
   283.17240   1125.90000    323.31745     52.8
   274.29650   1125.90000    328.20623     52.9
   265.42061   1125.90000    333.09500     53.0
   256.54472   1125.90000    337.98378     53.1
   247.66882   1125.90000    342.87255     53.2
   238.79293   1125.90000    347.76133     53.3
   229.91704   1125.90000    352.65011     53.4
   221.04114   1125.90000    357.53888     53.5
   212.16525   1125.90000    362.42766     53.6
   203.28936   1125.90000    367.31643     53.7
   194.41346   1125.90000    372.20521     53.8
   185.53757   1125.90000    377.09398     53.9
   176.66168   1125.90000    381.98276     54.0
   167.78578   1125.90000    386.87153     54.1
   158.90989   1125.90000    391.76031     54.2
   150.03399   1125.90000    396.64909     54.3
   467.71466   1115.90000    222.30742     54.4
   458.90672   1115.90000    227.14287     54.5
   450.09878   1115.90000    231.97832     54.6
   441.29084   1115.90000    236.81377     54.7
   432.48290   1115.90000    241.64922     54.8
   423.67496   1115.90000    246.48466     54.9
   414.86702   1115.90000    251.32011     55.0
   406.05907   1115.90000    256.15556     55.1
   397.25113   1115.90000    260.99101     55.2
   388.44319   1115.90000    265.82646     55.3
   379.63525   1115.90000    270.66191     55.4
   370.82731   1115.90000    275.49736     55.5
   362.01937   1115.90000    280.33281     55.6
   353.21143   1115.90000    285.16826     55.7
   344.40349   1115.90000    290.00371     55.8
   335.59554   1115.90000    294.83915     55.9
   326.78760   1115.90000    299.67460     56.0
   317.97966   1115.90000    304.51005     56.1
   309.17172   1115.90000    309.34550     56.2
   300.36378   1115.90000    314.18095     56.3
   291.55584   1115.90000    319.01640     56.4
   282.74790   1115.90000    323.85185     56.5
   273.93995   1115.90000    328.68730     56.6
   265.13201   1115.90000    333.52275     56.7
   256.32407   1115.90000    338.35820     56.8
   247.51613   1115.90000    343.19364     56.9
   238.70819   1115.90000    348.02909     57.0
   229.90025   1115.90000    352.86454     57.1
   221.09231   1115.90000    357.69999     57.2
   212.28437   1115.90000    362.53544     57.3
   203.47642   1115.90000    367.37089     57.4
   194.66848   1115.90000    372.20634     57.5
   185.86054   1115.90000    377.04179     57.6
   177.05260   1115.90000    381.87724     57.7
   168.24466   1115.90000    386.71269     57.8
   159.43672   1115.90000    391.54813     57.9
   150.62878   1115.90000    396.38358     58.0
   465.80700   1105.90000    223.99266     58.1
   457.02957   1105.90000    228.79545     58.2
   448.25213   1105.90000    233.59823     58.3
   439.47470   1105.90000    238.40101     58.4
   430.69727   1105.90000    243.20379     58.5
   421.91983   1105.90000    248.00657     58.6
   413.14240   1105.90000    252.80935     58.7
   404.36496   1105.90000    257.61213     58.8
   395.58753   1105.90000    262.41491     58.9
   386.81010   1105.90000    267.21769     59.0
   378.03266   1105.90000    272.02047     59.1
   369.25523   1105.90000    276.82326     59.2
   360.47780   1105.90000    281.62604     59.3
   351.70036   1105.90000    286.42882     59.4
   342.92293   1105.90000    291.23160     59.5
   334.14549   1105.90000    296.03438     59.6
   325.36806   1105.90000    300.83716     59.7
   316.59063   1105.90000    305.63994     59.8
   307.81319   1105.90000    310.44272     59.9
   299.03576   1105.90000    315.24550     60.0
   290.25833   1105.90000    320.04829     60.1
   281.48089   1105.90000    324.85107     60.2
   272.70346   1105.90000    329.65385     60.3
   263.92603   1105.90000    334.45663     60.4
   255.14859   1105.90000    339.25941     60.5
   246.37116   1105.90000    344.06219     60.6
   237.59372   1105.90000    348.86497     60.7
   228.81629   1105.90000    353.66775     60.8
   220.03886   1105.90000    358.47053     60.9
   211.26142   1105.90000    363.27331     61.0
   202.48399   1105.90000    368.07610     61.1
   193.70656   1105.90000    372.87888     61.2
   184.92912   1105.90000    377.68166     61.3
   176.15169   1105.90000    382.48444     61.4
   167.37426   1105.90000    387.28722     61.5
   158.59682   1105.90000    392.09000     61.6
   149.81939   1105.90000    396.89278     61.7
   463.84422   1095.90000    225.70802     61.8
   455.06055   1095.90000    230.49821     61.9
   446.27688   1095.90000    235.28839     62.0
   437.49321   1095.90000    240.07858     62.1
   428.70954   1095.90000    244.86877     62.2
   419.92587   1095.90000    249.65895     62.3
   411.14219   1095.90000    254.44914     62.4
   402.35852   1095.90000    259.23933     62.5
   393.57485   1095.90000    264.02951     62.6
   384.79118   1095.90000    268.81970     62.7
   376.00751   1095.90000    273.60989     62.8
   367.22384   1095.90000    278.40007     62.9
   358.44017   1095.90000    283.19026     63.0
   349.65650   1095.90000    287.98045     63.1
   340.87283   1095.90000    292.77063     63.2
   332.08916   1095.90000    297.56082     63.3
   323.30549   1095.90000    302.35101     63.4
   314.52182   1095.90000    307.14119     63.5
   305.73814   1095.90000    311.93138     63.6
   296.95447   1095.90000    316.72157     63.7
   288.17080   1095.90000    321.51175     63.8
   279.38713   1095.90000    326.30194     63.9
   270.60346   1095.90000    331.09213     64.0
   261.81979   1095.90000    335.88231     64.1
   253.03612   1095.90000    340.67250     64.2
   244.25245   1095.90000    345.46269     64.3
   235.46878   1095.90000    350.25287     64.4
   226.68511   1095.90000    355.04306     64.5
   217.90144   1095.90000    359.83325     64.6
   209.11777   1095.90000    364.62343     64.7
   200.33410   1095.90000    369.41362     64.8
   191.55042   1095.90000    374.20380     64.9
   182.76675   1095.90000    378.99399     65.0
   173.98308   1095.90000    383.78418     65.1
   165.19941   1095.90000    388.57436     65.2
   156.41574   1095.90000    393.36455     65.3
   147.63207   1095.90000    398.15474     65.4
   461.82621   1085.90000    227.45324     65.5
   452.99948   1085.90000    232.25075     65.6
   444.17276   1085.90000    237.04825     65.7
   435.34603   1085.90000    241.84576     65.8
   426.51930   1085.90000    246.64326     65.9
   417.69258   1085.90000    251.44077     66.0
   408.86585   1085.90000    256.23827     66.1
   400.03912   1085.90000    261.03577     66.2
   391.21240   1085.90000    265.83328     66.3
   382.38567   1085.90000    270.63078     66.4
   373.55894   1085.90000    275.42829     66.5
   364.73221   1085.90000    280.22579     66.6
   355.90549   1085.90000    285.02330     66.7
   347.07876   1085.90000    289.82080     66.8
   338.25203   1085.90000    294.61831     66.9
   329.42531   1085.90000    299.41581     67.0
   320.59858   1085.90000    304.21332     67.1
   311.77185   1085.90000    309.01082     67.2
   302.94513   1085.90000    313.80832     67.3
   294.11840   1085.90000    318.60583     67.4
   285.29167   1085.90000    323.40333     67.5
   276.46495   1085.90000    328.20084     67.6
   267.63822   1085.90000    332.99834     67.7
   258.81149   1085.90000    337.79585     67.8
   249.98476   1085.90000    342.59335     67.9
   241.15804   1085.90000    347.39086     68.0
   232.33131   1085.90000    352.18836     68.1
   223.50458   1085.90000    356.98586     68.2
   214.67786   1085.90000    361.78337     68.3
   205.85113   1085.90000    366.58087     68.4
   197.02440   1085.90000    371.37838     68.5
   188.19768   1085.90000    376.17588     68.6
   179.37095   1085.90000    380.97339     68.7
   170.54422   1085.90000    385.77089     68.8
   161.71749   1085.90000    390.56840     68.9
   152.89077   1085.90000    395.36590     69.0
   459.75545   1075.90000    229.22669     69.1
   450.85050   1075.90000    234.05032     69.2
   441.94556   1075.90000    238.87396     69.3
   433.04061   1075.90000    243.69759     69.4
   424.13566   1075.90000    248.52123     69.5
   415.23071   1075.90000    253.34486     69.6
   406.32576   1075.90000    258.16850     69.7
   397.42081   1075.90000    262.99213     69.8
   388.51586   1075.90000    267.81577     69.9
   379.61091   1075.90000    272.63940     70.0
   370.70596   1075.90000    277.46304     70.1
   361.80102   1075.90000    282.28667     70.2
   352.89607   1075.90000    287.11031     70.3
   343.99112   1075.90000    291.93394     70.4
   335.08617   1075.90000    296.75758     70.5
   326.18122   1075.90000    301.58122     70.6
   317.27627   1075.90000    306.40485     70.7
   308.37132   1075.90000    311.22849     70.8
   299.46637   1075.90000    316.05212     70.9
   290.56142   1075.90000    320.87576     71.0
   281.65647   1075.90000    325.69939     71.1
   272.75153   1075.90000    330.52303     71.2
   263.84658   1075.90000    335.34666     71.3
   254.94163   1075.90000    340.17030     71.4
   246.03668   1075.90000    344.99393     71.5
   237.13173   1075.90000    349.81757     71.6
   228.22678   1075.90000    354.64120     71.7
   219.32183   1075.90000    359.46484     71.8
   210.41688   1075.90000    364.28847     71.9
   201.51193   1075.90000    369.11211     72.0
   192.60699   1075.90000    373.93574     72.1
   183.70204   1075.90000    378.75938     72.2
   174.79709   1075.90000    383.58301     72.3
   165.89214   1075.90000    388.40665     72.4
   156.98719   1075.90000    393.23029     72.5
   148.08224   1075.90000    398.05392     72.6
   457.62891   1065.90000    231.02969     72.7
   448.60855   1065.90000    235.89917     72.8
   439.58819   1065.90000    240.76864     72.9
   430.56783   1065.90000    245.63812     73.0
   421.54747   1065.90000    250.50759     73.1
   412.52710   1065.90000    255.37707     73.2
   403.50674   1065.90000    260.24654     73.3
   394.48638   1065.90000    265.11602     73.4
   385.46602   1065.90000    269.98549     73.5
   376.44566   1065.90000    274.85497     73.6
   367.42530   1065.90000    279.72444     73.7
   358.40494   1065.90000    284.59392     73.8
   349.38458   1065.90000    289.46339     73.9
   340.36422   1065.90000    294.33287     74.0
   331.34386   1065.90000    299.20234     74.1
   322.32349   1065.90000    304.07182     74.2
   313.30313   1065.90000    308.94129     74.3
   304.28277   1065.90000    313.81077     74.4
   295.26241   1065.90000    318.68024     74.5
   286.24205   1065.90000    323.54972     74.6
   277.22169   1065.90000    328.41919     74.7
   268.20133   1065.90000    333.28867     74.8
   259.18097   1065.90000    338.15814     74.9
   250.16061   1065.90000    343.02762     75.0
   241.14024   1065.90000    347.89709     75.1
   232.11988   1065.90000    352.76657     75.2
   223.09952   1065.90000    357.63604     75.3
   214.07916   1065.90000    362.50552     75.4
   205.05880   1065.90000    367.37499     75.5
   196.03844   1065.90000    372.24447     75.6
   187.01808   1065.90000    377.11394     75.7
   177.99772   1065.90000    381.98342     75.8
   168.97736   1065.90000    386.85289     75.9
   159.95699   1065.90000    391.72237     76.0
   150.93663   1065.90000    396.59184     76.1
   455.45007   1055.90000    232.86007     76.2
   446.27944   1055.90000    237.79363     76.3
   437.10880   1055.90000    242.72719     76.4
   427.93817   1055.90000    247.66075     76.5
   418.76753   1055.90000    252.59431     76.6
   409.59690   1055.90000    257.52787     76.7
   400.42626   1055.90000    262.46144     76.8
   391.25562   1055.90000    267.39500     76.9
   382.08499   1055.90000    272.32856     77.0
   372.91435   1055.90000    277.26212     77.1
   363.74372   1055.90000    282.19568     77.2
   354.57308   1055.90000    287.12924     77.3
   345.40245   1055.90000    292.06280     77.4
   336.23181   1055.90000    296.99637     77.5
   327.06118   1055.90000    301.92993     77.6
   317.89054   1055.90000    306.86349     77.7
   308.71990   1055.90000    311.79705     77.8
   299.54927   1055.90000    316.73061     77.9
   290.37863   1055.90000    321.66417     78.0
   281.20800   1055.90000    326.59773     78.1
   272.03736   1055.90000    331.53130     78.2
   262.86673   1055.90000    336.46486     78.3
   253.69609   1055.90000    341.39842     78.4
   244.52545   1055.90000    346.33198     78.5
   235.35482   1055.90000    351.26554     78.6
   226.18418   1055.90000    356.19910     78.7
   217.01355   1055.90000    361.13266     78.8
   207.84291   1055.90000    366.06623     78.9
   198.67228   1055.90000    370.99979     79.0
   189.50164   1055.90000    375.93335     79.1
   180.33101   1055.90000    380.86691     79.2
   171.16037   1055.90000    385.80047     79.3
   161.98973   1055.90000    390.73403     79.4
   152.81910   1055.90000    395.66759     79.5
   143.64846   1055.90000    400.60115     79.6
   453.21070   1045.90000    234.72194     79.7
   443.84943   1045.90000    239.74058     79.8
   434.48816   1045.90000    244.75922     79.9
   425.12690   1045.90000    249.77786     80.0
   415.76563   1045.90000    254.79650     80.1
   406.40436   1045.90000    259.81514     80.2
   397.04309   1045.90000    264.83379     80.3
   387.68182   1045.90000    269.85243     80.4
   378.32055   1045.90000    274.87107     80.5
   368.95928   1045.90000    279.88971     80.6
   359.59802   1045.90000    284.90835     80.7
   350.23675   1045.90000    289.92700     80.8
   340.87548   1045.90000    294.94564     80.9
   331.51421   1045.90000    299.96428     81.0
   322.15294   1045.90000    304.98292     81.1
   312.79167   1045.90000    310.00156     81.2
   303.43041   1045.90000    315.02021     81.3
   294.06914   1045.90000    320.03885     81.4
   284.70787   1045.90000    325.05749     81.5
   275.34660   1045.90000    330.07613     81.6
   265.98533   1045.90000    335.09477     81.7
   256.62406   1045.90000    340.11342     81.8
   247.26280   1045.90000    345.13206     81.9
   237.90153   1045.90000    350.15070     82.0
   228.54026   1045.90000    355.16934     82.1
   219.17899   1045.90000    360.18798     82.2
   209.81772   1045.90000    365.20662     82.3
   200.45645   1045.90000    370.22527     82.4
   191.09519   1045.90000    375.24391     82.5
   181.73392   1045.90000    380.26255     82.6
   172.37265   1045.90000    385.28119     82.7
   163.01138   1045.90000    390.29983     82.8
   153.65011   1045.90000    395.31848     82.9
   144.28884   1045.90000    400.33712     83.0
   450.91556   1035.90000    236.61240     83.1
   441.32649   1035.90000    241.73518     83.2
   431.73741   1035.90000    246.85796     83.3
   422.14833   1035.90000    251.98075     83.4
   412.55926   1035.90000    257.10353     83.5
   402.97018   1035.90000    262.22632     83.6
   393.38110   1035.90000    267.34910     83.7
   383.79203   1035.90000    272.47189     83.8
   374.20295   1035.90000    277.59467     83.9
   364.61387   1035.90000    282.71746     84.0
   355.02480   1035.90000    287.84024     84.1
   345.43572   1035.90000    292.96302     84.2
   335.84665   1035.90000    298.08581     84.3
   326.25757   1035.90000    303.20859     84.4
   316.66849   1035.90000    308.33138     84.5
   307.07942   1035.90000    313.45416     84.6
   297.49034   1035.90000    318.57695     84.7
   287.90126   1035.90000    323.69973     84.8
   278.31219   1035.90000    328.82251     84.9
   268.72311   1035.90000    333.94530     85.0
   259.13403   1035.90000    339.06808     85.1
   249.54496   1035.90000    344.19087     85.2
   239.95588   1035.90000    349.31365     85.3
   230.36680   1035.90000    354.43644     85.4
   220.77773   1035.90000    359.55922     85.5
   211.18865   1035.90000    364.68201     85.6
   201.59957   1035.90000    369.80479     85.7
   192.01050   1035.90000    374.92757     85.8
   182.42142   1035.90000    380.05036     85.9
   172.83234   1035.90000    385.17314     86.0
   163.24327   1035.90000    390.29593     86.1
   153.65419   1035.90000    395.41871     86.2
   144.06511   1035.90000    400.54150     86.3
   448.56341   1025.90000    238.53179     86.4
   438.70852   1025.90000    243.77801     86.5
   428.85362   1025.90000    249.02422     86.6
   418.99873   1025.90000    254.27044     86.7
   409.14384   1025.90000    259.51666     86.8
   399.28894   1025.90000    264.76287     86.9
   389.43405   1025.90000    270.00909     87.0
   379.57916   1025.90000    275.25531     87.1
   369.72426   1025.90000    280.50152     87.2
   359.86937   1025.90000    285.74774     87.3
   350.01447   1025.90000    290.99396     87.4
   340.15958   1025.90000    296.24017     87.5
   330.30469   1025.90000    301.48639     87.6
   320.44979   1025.90000    306.73261     87.7
   310.59490   1025.90000    311.97882     87.8
   300.74000   1025.90000    317.22504     87.9
   290.88511   1025.90000    322.47126     88.0
   281.03022   1025.90000    327.71748     88.1
   271.17532   1025.90000    332.96369     88.2
   261.32043   1025.90000    338.20991     88.3
   251.46553   1025.90000    343.45613     88.4
   241.61064   1025.90000    348.70234     88.5
   231.75575   1025.90000    353.94856     88.6
   221.90085   1025.90000    359.19478     88.7
   212.04596   1025.90000    364.44099     88.8
   202.19106   1025.90000    369.68721     88.9
   192.33617   1025.90000    374.93343     89.0
   182.48128   1025.90000    380.17964     89.1
   172.62638   1025.90000    385.42586     89.2
   162.77149   1025.90000    390.67208     89.3
   152.91660   1025.90000    395.91829     89.4
   143.06170   1025.90000    401.16451     89.5
   446.15232   1015.90000    240.48081     89.6
   435.99231   1015.90000    245.87021     89.7
   425.83230   1015.90000    251.25961     89.8
   415.67229   1015.90000    256.64901     89.9
   405.51228   1015.90000    262.03841     90.0
   395.35228   1015.90000    267.42781     90.1
   385.19227   1015.90000    272.81720     90.2
   375.03226   1015.90000    278.20660     90.3
   364.87225   1015.90000    283.59600     90.4
   354.71225   1015.90000    288.98540     90.5
   344.55224   1015.90000    294.37480     90.6
   334.39223   1015.90000    299.76420     90.7
   324.23222   1015.90000    305.15360     90.8
   314.07221   1015.90000    310.54300     90.9
   303.91221   1015.90000    315.93240     91.0
   293.75220   1015.90000    321.32179     91.1
   283.59219   1015.90000    326.71119     91.2
   273.43218   1015.90000    332.10059     91.3
   263.27217   1015.90000    337.48999     91.4
   253.11217   1015.90000    342.87939     91.5
   242.95216   1015.90000    348.26879     91.6
   232.79215   1015.90000    353.65819     91.7
   222.63214   1015.90000    359.04759     91.8
   212.47213   1015.90000    364.43699     91.9
   202.31213   1015.90000    369.82638     92.0
   192.15212   1015.90000    375.21578     92.1
   181.99211   1015.90000    380.60518     92.2
   171.83210   1015.90000    385.99458     92.3
   161.67209   1015.90000    391.38398     92.4
   151.51209   1015.90000    396.77338     92.5
   141.35208   1015.90000    402.16278     92.6
   443.67969   1005.90000    242.46047     92.7
   433.17355   1005.90000    248.01348     92.8
   422.66741   1005.90000    253.56649     92.9
   412.16126   1005.90000    259.11950     93.0
   401.65512   1005.90000    264.67251     93.1
   391.14898   1005.90000    270.22552     93.2
   380.64284   1005.90000    275.77853     93.3
   370.13670   1005.90000    281.33154     93.4
   359.63055   1005.90000    286.88455     93.5
   349.12441   1005.90000    292.43756     93.6
   338.61827   1005.90000    297.99057     93.7
   328.11213   1005.90000    303.54358     93.8
   317.60599   1005.90000    309.09659     93.9
   307.09984   1005.90000    314.64960     94.0
   296.59370   1005.90000    320.20260     94.1
   286.08756   1005.90000    325.75561     94.2
   275.58142   1005.90000    331.30862     94.3
   265.07528   1005.90000    336.86163     94.4
   254.56913   1005.90000    342.41464     94.5
   244.06299   1005.90000    347.96765     94.6
   233.55685   1005.90000    353.52066     94.7
   223.05071   1005.90000    359.07367     94.8
   212.54457   1005.90000    364.62668     94.9
   202.03842   1005.90000    370.17969     95.0
   191.53228   1005.90000    375.73270     95.1
   181.02614   1005.90000    381.28571     95.2
   170.52000   1005.90000    386.83872     95.3
   160.01385   1005.90000    392.39173     95.4
   149.50771   1005.90000    397.94474     95.5
   139.00157   1005.90000    403.49775     95.6
   441.14618    995.90000    244.47946     95.7
   430.25332    995.90000    250.22230     95.8
   419.36045    995.90000    255.96514     95.9
   408.46759    995.90000    261.70798     96.0
   397.57472    995.90000    267.45081     96.1
   386.68186    995.90000    273.19365     96.2
   375.78899    995.90000    278.93649     96.3
   364.89612    995.90000    284.67933     96.4
   354.00326    995.90000    290.42217     96.5
   343.11039    995.90000    296.16500     96.6
   332.21753    995.90000    301.90784     96.7
   321.32466    995.90000    307.65068     96.8
   310.43180    995.90000    313.39352     96.9
   299.53893    995.90000    319.13635     97.0
   288.64607    995.90000    324.87919     97.1
   277.75320    995.90000    330.62203     97.2
   266.86034    995.90000    336.36487     97.3
   255.96747    995.90000    342.10771     97.4
   245.07461    995.90000    347.85054     97.5
   234.18174    995.90000    353.59338     97.6
   223.28888    995.90000    359.33622     97.7
   212.39601    995.90000    365.07906     97.8
   201.50315    995.90000    370.82190     97.9
   190.61028    995.90000    376.56473     98.0
   179.71741    995.90000    382.30757     98.1
   168.82455    995.90000    388.05041     98.2
   157.93168    995.90000    393.79325     98.3
   438.60085    985.90000    246.52577     98.4
   427.31338    985.90000    252.47665     98.5
   416.02591    985.90000    258.42752     98.6
   404.73844    985.90000    264.37840     98.7
   393.45097    985.90000    270.32928     98.8
   382.16350    985.90000    276.28016     98.9
   370.87603    985.90000    282.23104     99.0
   359.58856    985.90000    288.18191     99.1
   348.30109    985.90000    294.13279     99.2
   337.01362    985.90000    300.08367     99.3
   325.72615    985.90000    306.03455     99.4
   314.43868    985.90000    311.98542     99.5
   303.15121    985.90000    317.93630     99.6
   291.86374    985.90000    323.88718     99.7
   280.57627    985.90000    329.83806     99.8
   269.28880    985.90000    335.78894     99.9
   258.00133    985.90000    341.73981    100.0
   246.71386    985.90000    347.69069    100.1
   235.42639    985.90000    353.64157    100.2
   224.13892    985.90000    359.59245    100.3
   212.85145    985.90000    365.54333    100.4
   201.56398    985.90000    371.49420    100.5
   190.27651    985.90000    377.44508    100.6
   436.07662    975.90000    248.56095    100.7
   424.40861    975.90000    254.71245    100.8
   412.74061    975.90000    260.86395    100.9
   401.07260    975.90000    267.01545    101.0
   389.40459    975.90000    273.16695    101.1
   377.73659    975.90000    279.31845    101.2
   366.06858    975.90000    285.46996    101.3
   354.40057    975.90000    291.62146    101.4
   342.73257    975.90000    297.77296    101.5
   331.06456    975.90000    303.92446    101.6
   319.39655    975.90000    310.07596    101.7
   307.72855    975.90000    316.22746    101.8
   296.06054    975.90000    322.37896    101.9
   284.39253    975.90000    328.53046    102.0
   272.72453    975.90000    334.68196    102.1
   261.05652    975.90000    340.83346    102.2
   249.38851    975.90000    346.98496    102.3
   237.72051    975.90000    353.13646    102.4
   226.05250    975.90000    359.28797    102.5
   433.59922    965.90000    250.57144    102.6
   421.58190    965.90000    256.90711    102.7
   409.56457    965.90000    263.24277    102.8
   397.54725    965.90000    269.57843    102.9
   385.52993    965.90000    275.91410    103.0
   373.51261    965.90000    282.24976    103.1
   361.49528    965.90000    288.58543    103.2
   349.47796    965.90000    294.92109    103.3
   337.46064    965.90000    301.25676    103.4
   325.44331    965.90000    307.59242    103.5
   313.42599    965.90000    313.92808    103.6
   301.40867    965.90000    320.26375    103.7
   289.39135    965.90000    326.59941    103.8
   277.37402    965.90000    332.93508    103.9
   265.35670    965.90000    339.27074    104.0
   431.19470    955.90000    252.54351    104.1
   418.87665    955.90000    259.03772    104.2
   406.55860    955.90000    265.53193    104.3
   394.24055    955.90000    272.02614    104.4
   381.92250    955.90000    278.52035    104.5
   369.60445    955.90000    285.01457    104.6
   357.28640    955.90000    291.50878    104.7
   344.96835    955.90000    298.00299    104.8
   332.65030    955.90000    304.49720    104.9
   320.33224    955.90000    310.99141    105.0
   308.01419    955.90000    317.48562    105.1
   295.69614    955.90000    323.97983    105.2
   428.85430    945.90000    254.48177    105.3
   416.27827    945.90000    261.11200    105.4
   403.70223    945.90000    267.74222    105.5
   391.12620    945.90000    274.37244    105.6
   378.55016    945.90000    281.00267    105.7
   365.97413    945.90000    287.63289    105.8
   353.39809    945.90000    294.26311    105.9
   340.82206    945.90000    300.89334    106.0
   328.24602    945.90000    307.52356    106.1
   426.59422    935.90000    256.37769    106.2
   413.81375    935.90000    263.11570    106.3
   401.03328    935.90000    269.85370    106.4
   388.25281    935.90000    276.59171    106.5
   375.47234    935.90000    283.32971    106.6
   362.69186    935.90000    290.06772    106.7
