   545.09581   -525.00000    981.75680     -5.0
   544.22635   -525.00000    971.79467     -4.9
   543.35688   -525.00000    961.83254     -4.8
   542.48742   -525.00000    951.87041     -4.7
   541.61796   -525.00000    941.90828     -4.6
   540.74850   -525.00000    931.94615     -4.5
   539.87904   -525.00000    921.98402     -4.4
   539.00958   -525.00000    912.02189     -4.3
   538.14012   -525.00000    902.05976     -4.2
   537.27065   -525.00000    892.09763     -4.1
   536.40119   -525.00000    882.13550     -4.0
   535.53173   -525.00000    872.17337     -3.9
   534.66227   -525.00000    862.21124     -3.8
   533.79281   -525.00000    852.24911     -3.7
   532.92335   -525.00000    842.28698     -3.6
   532.05388   -525.00000    832.32485     -3.5
   531.18442   -525.00000    822.36272     -3.4
   530.31496   -525.00000    812.40059     -3.3
   529.44550   -525.00000    802.43846     -3.2
   528.57604   -525.00000    792.47633     -3.1
   527.70658   -525.00000    782.51420     -3.0
   526.83712   -525.00000    772.55207     -2.9
   525.96765   -525.00000    762.58994     -2.8
   525.09819   -525.00000    752.62781     -2.7
   524.22873   -525.00000    742.66568     -2.6
   523.35927   -525.00000    732.70355     -2.5
   522.48981   -525.00000    722.74142     -2.4
   521.62035   -525.00000    712.77929     -2.3
   520.75089   -525.00000    702.81716     -2.2
   519.88142   -525.00000    692.85503     -2.1
   519.01196   -525.00000    682.89290     -2.0
   518.14250   -525.00000    672.93077     -1.9
   517.27304   -525.00000    662.96864     -1.8
   516.40358   -525.00000    653.00651     -1.7
   515.53412   -525.00000    643.04438     -1.6
   514.66465   -525.00000    633.08225     -1.5
   513.79519   -525.00000    623.12012     -1.4
   512.92573   -525.00000    613.15799     -1.3
   512.05627   -525.00000    603.19586     -1.2
   511.18681   -525.00000    593.23373     -1.1
   510.31735   -525.00000    583.27160     -1.0
   509.44789   -525.00000    573.30947     -0.9
   508.57842   -525.00000    563.34734     -0.8
   507.70896   -525.00000    553.38521     -0.7
   506.83950   -525.00000    543.42308     -0.6
   505.97004   -525.00000    533.46095     -0.5
   505.10058   -525.00000    523.49882     -0.4
   504.23112   -525.00000    513.53669     -0.3
   503.36165   -525.00000    503.57456     -0.2
   502.49219   -525.00000    493.61243     -0.1
   501.62273   -525.00000    483.65030      0.0
   500.75327   -525.00000    473.68817      0.1
   499.88381   -525.00000    463.72604      0.2
   499.01435   -525.00000    453.76391      0.3
   498.14489   -525.00000    443.80178      0.4
   497.27542   -525.00000    433.83965      0.5
   496.40596   -525.00000    423.87752      0.6
   495.53650   -525.00000    413.91539      0.7
   494.66704   -525.00000    403.95326      0.8
   493.79758   -525.00000    393.99113      0.9
   492.92812   -525.00000    384.02900      1.0
   492.05865   -525.00000    374.06687      1.1
   491.18919   -525.00000    364.10474      1.2
   545.08782   -535.00000    981.66602      1.3
   544.21303   -535.00000    971.64337      1.4
   543.33824   -535.00000    961.62071      1.5
   542.46345   -535.00000    951.59806      1.6
   541.58866   -535.00000    941.57541      1.7
   540.71387   -535.00000    931.55275      1.8
   539.83908   -535.00000    921.53010      1.9
   538.96429   -535.00000    911.50745      2.0
   538.08951   -535.00000    901.48479      2.1
   537.21472   -535.00000    891.46214      2.2
   536.33993   -535.00000    881.43948      2.3
   535.46514   -535.00000    871.41683      2.4
   534.59035   -535.00000    861.39418      2.5
   533.71556   -535.00000    851.37152      2.6
   532.84077   -535.00000    841.34887      2.7
   531.96598   -535.00000    831.32622      2.8
   531.09119   -535.00000    821.30356      2.9
   530.21641   -535.00000    811.28091      3.0
   529.34162   -535.00000    801.25826      3.1
   528.46683   -535.00000    791.23560      3.2
   527.59204   -535.00000    781.21295      3.3
   526.71725   -535.00000    771.19030      3.4
   525.84246   -535.00000    761.16764      3.5
   524.96767   -535.00000    751.14499      3.6
   524.09288   -535.00000    741.12234      3.7
   523.21809   -535.00000    731.09968      3.8
   522.34331   -535.00000    721.07703      3.9
   521.46852   -535.00000    711.05438      4.0
   520.59373   -535.00000    701.03172      4.1
   519.71894   -535.00000    691.00907      4.2
   518.84415   -535.00000    680.98641      4.3
   517.96936   -535.00000    670.96376      4.4
   517.09457   -535.00000    660.94111      4.5
   516.21978   -535.00000    650.91845      4.6
   515.34500   -535.00000    640.89580      4.7
   514.47021   -535.00000    630.87315      4.8
   513.59542   -535.00000    620.85049      4.9
   512.72063   -535.00000    610.82784      5.0
   511.84584   -535.00000    600.80519      5.1
   510.97105   -535.00000    590.78253      5.2
   510.09626   -535.00000    580.75988      5.3
   509.22147   -535.00000    570.73723      5.4
   508.34668   -535.00000    560.71457      5.5
   507.47190   -535.00000    550.69192      5.6
   506.59711   -535.00000    540.66927      5.7
   505.72232   -535.00000    530.64661      5.8
   504.84753   -535.00000    520.62396      5.9
   503.97274   -535.00000    510.60131      6.0
   503.09795   -535.00000    500.57865      6.1
   502.22316   -535.00000    490.55600      6.2
   501.34837   -535.00000    480.53334      6.3
   500.47358   -535.00000    470.51069      6.4
   499.59880   -535.00000    460.48804      6.5
   498.72401   -535.00000    450.46538      6.6
   497.84922   -535.00000    440.44273      6.7
   496.97443   -535.00000    430.42008      6.8
   496.09964   -535.00000    420.39742      6.9
   495.22485   -535.00000    410.37477      7.0
   494.35006   -535.00000    400.35212      7.1
   493.47527   -535.00000    390.32946      7.2
   492.60048   -535.00000    380.30681      7.3
   491.72570   -535.00000    370.28416      7.4
   545.06401   -545.00000    981.39400      7.5
   544.17334   -545.00000    971.19001      7.6
   543.28268   -545.00000    960.98601      7.7
   542.39202   -545.00000    950.78201      7.8
   541.50136   -545.00000    940.57801      7.9
   540.61069   -545.00000    930.37401      8.0
   539.72003   -545.00000    920.17002      8.1
   538.82937   -545.00000    909.96602      8.2
   537.93870   -545.00000    899.76202      8.3
   537.04804   -545.00000    889.55802      8.4
   536.15738   -545.00000    879.35402      8.5
   535.26672   -545.00000    869.15003      8.6
   534.37605   -545.00000    858.94603      8.7
   533.48539   -545.00000    848.74203      8.8
   532.59473   -545.00000    838.53803      8.9
   531.70407   -545.00000    828.33404      9.0
   530.81340   -545.00000    818.13004      9.1
   529.92274   -545.00000    807.92604      9.2
   529.03208   -545.00000    797.72204      9.3
   528.14142   -545.00000    787.51804      9.4
   527.25075   -545.00000    777.31405      9.5
   526.36009   -545.00000    767.11005      9.6
   525.46943   -545.00000    756.90605      9.7
   524.57877   -545.00000    746.70205      9.8
   523.68810   -545.00000    736.49805      9.9
   522.79744   -545.00000    726.29406     10.0
   521.90678   -545.00000    716.09006     10.1
   521.01611   -545.00000    705.88606     10.2
   520.12545   -545.00000    695.68206     10.3
   519.23479   -545.00000    685.47807     10.4
   518.34413   -545.00000    675.27407     10.5
   517.45346   -545.00000    665.07007     10.6
   516.56280   -545.00000    654.86607     10.7
   515.67214   -545.00000    644.66207     10.8
   514.78148   -545.00000    634.45808     10.9
   513.89081   -545.00000    624.25408     11.0
   513.00015   -545.00000    614.05008     11.1
   512.10949   -545.00000    603.84608     11.2
   511.21883   -545.00000    593.64208     11.3
   510.32816   -545.00000    583.43809     11.4
   509.43750   -545.00000    573.23409     11.5
   508.54684   -545.00000    563.03009     11.6
   507.65617   -545.00000    552.82609     11.7
   506.76551   -545.00000    542.62210     11.8
   505.87485   -545.00000    532.41810     11.9
   504.98419   -545.00000    522.21410     12.0
   504.09352   -545.00000    512.01010     12.1
   503.20286   -545.00000    501.80610     12.2
   502.31220   -545.00000    491.60211     12.3
   501.42154   -545.00000    481.39811     12.4
   500.53087   -545.00000    471.19411     12.5
   499.64021   -545.00000    460.99011     12.6
   498.74955   -545.00000    450.78611     12.7
   497.85889   -545.00000    440.58212     12.8
   496.96822   -545.00000    430.37812     12.9
   496.07756   -545.00000    420.17412     13.0
   495.18690   -545.00000    409.97012     13.1
   494.29624   -545.00000    399.76612     13.2
   493.40557   -545.00000    389.56213     13.3
   492.51491   -545.00000    379.35813     13.4
   491.62425   -545.00000    369.15413     13.5
   545.02372   -555.00000    980.93330     13.6
   544.10620   -555.00000    970.42217     13.7
   543.18869   -555.00000    959.91104     13.8
   542.27117   -555.00000    949.39991     13.9
   541.35365   -555.00000    938.88878     14.0
   540.43613   -555.00000    928.37764     14.1
   539.51861   -555.00000    917.86651     14.2
   538.60110   -555.00000    907.35538     14.3
   537.68358   -555.00000    896.84425     14.4
   536.76606   -555.00000    886.33312     14.5
   535.84854   -555.00000    875.82199     14.6
   534.93102   -555.00000    865.31085     14.7
   534.01350   -555.00000    854.79972     14.8
   533.09599   -555.00000    844.28859     14.9
   532.17847   -555.00000    833.77746     15.0
   531.26095   -555.00000    823.26633     15.1
   530.34343   -555.00000    812.75520     15.2
   529.42591   -555.00000    802.24407     15.3
   528.50840   -555.00000    791.73293     15.4
   527.59088   -555.00000    781.22180     15.5
   526.67336   -555.00000    770.71067     15.6
   525.75584   -555.00000    760.19954     15.7
   524.83832   -555.00000    749.68841     15.8
   523.92080   -555.00000    739.17728     15.9
   523.00329   -555.00000    728.66614     16.0
   522.08577   -555.00000    718.15501     16.1
   521.16825   -555.00000    707.64388     16.2
   520.25073   -555.00000    697.13275     16.3
   519.33321   -555.00000    686.62162     16.4
   518.41570   -555.00000    676.11049     16.5
   517.49818   -555.00000    665.59935     16.6
   516.58066   -555.00000    655.08822     16.7
   515.66314   -555.00000    644.57709     16.8
   514.74562   -555.00000    634.06596     16.9
   513.82811   -555.00000    623.55483     17.0
   512.91059   -555.00000    613.04370     17.1
   511.99307   -555.00000    602.53256     17.2
   511.07555   -555.00000    592.02143     17.3
   510.15803   -555.00000    581.51030     17.4
   509.24051   -555.00000    570.99917     17.5
   508.32300   -555.00000    560.48804     17.6
   507.40548   -555.00000    549.97691     17.7
   506.48796   -555.00000    539.46577     17.8
   505.57044   -555.00000    528.95464     17.9
   504.65292   -555.00000    518.44351     18.0
   503.73541   -555.00000    507.93238     18.1
   502.81789   -555.00000    497.42125     18.2
   501.90037   -555.00000    486.91012     18.3
   500.98285   -555.00000    476.39898     18.4
   500.06533   -555.00000    465.88785     18.5
   499.14781   -555.00000    455.37672     18.6
   498.23030   -555.00000    444.86559     18.7
   497.31278   -555.00000    434.35446     18.8
   496.39526   -555.00000    423.84333     18.9
   495.47774   -555.00000    413.33220     19.0
   494.56022   -555.00000    402.82106     19.1
   493.64271   -555.00000    392.30993     19.2
   492.72519   -555.00000    381.79880     19.3
   491.80767   -555.00000    371.28767     19.4
   544.96647   -565.00000    980.27823     19.5
   544.01078   -565.00000    969.33039     19.6
   543.05509   -565.00000    958.38254     19.7
   542.09940   -565.00000    947.43470     19.8
   541.14372   -565.00000    936.48685     19.9
   540.18803   -565.00000    925.53901     20.0
   539.23234   -565.00000    914.59117     20.1
   538.27665   -565.00000    903.64332     20.2
   537.32096   -565.00000    892.69548     20.3
   536.36528   -565.00000    881.74763     20.4
   535.40959   -565.00000    870.79979     20.5
   534.45390   -565.00000    859.85194     20.6
   533.49821   -565.00000    848.90410     20.7
   532.54252   -565.00000    837.95625     20.8
   531.58684   -565.00000    827.00841     20.9
   530.63115   -565.00000    816.06056     21.0
   529.67546   -565.00000    805.11272     21.1
   528.71977   -565.00000    794.16487     21.2
   527.76408   -565.00000    783.21703     21.3
   526.80840   -565.00000    772.26918     21.4
   525.85271   -565.00000    761.32134     21.5
   524.89702   -565.00000    750.37350     21.6
   523.94133   -565.00000    739.42565     21.7
   522.98565   -565.00000    728.47781     21.8
   522.02996   -565.00000    717.52996     21.9
   521.07427   -565.00000    706.58212     22.0
   520.11858   -565.00000    695.63427     22.1
   519.16289   -565.00000    684.68643     22.2
   518.20721   -565.00000    673.73858     22.3
   517.25152   -565.00000    662.79074     22.4
   516.29583   -565.00000    651.84289     22.5
   515.34014   -565.00000    640.89505     22.6
   514.38445   -565.00000    629.94720     22.7
   513.42877   -565.00000    618.99936     22.8
   512.47308   -565.00000    608.05151     22.9
   511.51739   -565.00000    597.10367     23.0
   510.56170   -565.00000    586.15583     23.1
   509.60601   -565.00000    575.20798     23.2
   508.65033   -565.00000    564.26014     23.3
   507.69464   -565.00000    553.31229     23.4
   506.73895   -565.00000    542.36445     23.5
   505.78326   -565.00000    531.41660     23.6
   504.82757   -565.00000    520.46876     23.7
   503.87189   -565.00000    509.52091     23.8
   502.91620   -565.00000    498.57307     23.9
   501.96051   -565.00000    487.62522     24.0
   501.00482   -565.00000    476.67738     24.1
   500.04913   -565.00000    465.72953     24.2
   499.09345   -565.00000    454.78169     24.3
   498.13776   -565.00000    443.83385     24.4
   497.18207   -565.00000    432.88600     24.5
   496.22638   -565.00000    421.93816     24.6
   495.27069   -565.00000    410.99031     24.7
   494.31501   -565.00000    400.04247     24.8
   493.35932   -565.00000    389.09462     24.9
   492.40363   -565.00000    378.14678     25.0
   491.44794   -565.00000    367.19893     25.1
   544.89061   -575.00000    979.41017     25.2
   543.88436   -575.00000    967.88361     25.3
   542.87810   -575.00000    956.35706     25.4
   541.87184   -575.00000    944.83050     25.5
   540.86558   -575.00000    933.30395     25.6
   539.85932   -575.00000    921.77739     25.7
   538.85307   -575.00000    910.25084     25.8
   537.84681   -575.00000    898.72429     25.9
   536.84055   -575.00000    887.19773     26.0
   535.83429   -575.00000    875.67118     26.1
   534.82804   -575.00000    864.14462     26.2
   533.82178   -575.00000    852.61807     26.3
   532.81552   -575.00000    841.09151     26.4
   531.80926   -575.00000    829.56496     26.5
   530.80300   -575.00000    818.03840     26.6
   529.79675   -575.00000    806.51185     26.7
   528.79049   -575.00000    794.98529     26.8
   527.78423   -575.00000    783.45874     26.9
   526.77797   -575.00000    771.93218     27.0
   525.77172   -575.00000    760.40563     27.1
   524.76546   -575.00000    748.87907     27.2
   523.75920   -575.00000    737.35252     27.3
   522.75294   -575.00000    725.82596     27.4
   521.74668   -575.00000    714.29941     27.5
   520.74043   -575.00000    702.77286     27.6
   519.73417   -575.00000    691.24630     27.7
   518.72791   -575.00000    679.71975     27.8
   517.72165   -575.00000    668.19319     27.9
   516.71539   -575.00000    656.66664     28.0
   515.70914   -575.00000    645.14008     28.1
   514.70288   -575.00000    633.61353     28.2
   513.69662   -575.00000    622.08697     28.3
   512.69036   -575.00000    610.56042     28.4
   511.68411   -575.00000    599.03386     28.5
   510.67785   -575.00000    587.50731     28.6
   509.67159   -575.00000    575.98075     28.7
   508.66533   -575.00000    564.45420     28.8
   507.65907   -575.00000    552.92764     28.9
   506.65282   -575.00000    541.40109     29.0
   505.64656   -575.00000    529.87454     29.1
   504.64030   -575.00000    518.34798     29.2
   503.63404   -575.00000    506.82143     29.3
   502.62779   -575.00000    495.29487     29.4
   501.62153   -575.00000    483.76832     29.5
   500.61527   -575.00000    472.24176     29.6
   499.60901   -575.00000    460.71521     29.7
   498.60275   -575.00000    449.18865     29.8
   497.59650   -575.00000    437.66210     29.9
   496.59024   -575.00000    426.13554     30.0
   495.58398   -575.00000    414.60899     30.1
   494.57772   -575.00000    403.08243     30.2
   493.57147   -575.00000    391.55588     30.3
   492.56521   -575.00000    380.02932     30.4
   491.55895   -575.00000    368.50277     30.5
   544.79554   -585.00000    978.32201     30.6
   543.72589   -585.00000    966.07001     30.7
   542.65625   -585.00000    953.81802     30.8
   541.58661   -585.00000    941.56602     30.9
   540.51696   -585.00000    929.31402     31.0
   539.44732   -585.00000    917.06203     31.1
   538.37768   -585.00000    904.81003     31.2
   537.30804   -585.00000    892.55804     31.3
   536.23839   -585.00000    880.30604     31.4
   535.16875   -585.00000    868.05405     31.5
   534.09911   -585.00000    855.80205     31.6
   533.02946   -585.00000    843.55006     31.7
   531.95982   -585.00000    831.29806     31.8
   530.89018   -585.00000    819.04606     31.9
   529.82054   -585.00000    806.79407     32.0
   528.75089   -585.00000    794.54207     32.1
   527.68125   -585.00000    782.29008     32.2
   526.61161   -585.00000    770.03808     32.3
   525.54196   -585.00000    757.78609     32.4
   524.47232   -585.00000    745.53409     32.5
   523.40268   -585.00000    733.28210     32.6
   522.33304   -585.00000    721.03010     32.7
   521.26339   -585.00000    708.77810     32.8
   520.19375   -585.00000    696.52611     32.9
   519.12411   -585.00000    684.27411     33.0
   518.05446   -585.00000    672.02212     33.1
   516.98482   -585.00000    659.77012     33.2
   515.91518   -585.00000    647.51813     33.3
   514.84553   -585.00000    635.26613     33.4
   513.77589   -585.00000    623.01414     33.5
   512.70625   -585.00000    610.76214     33.6
   511.63661   -585.00000    598.51014     33.7
   510.56696   -585.00000    586.25815     33.8
   509.49732   -585.00000    574.00615     33.9
   508.42768   -585.00000    561.75416     34.0
   507.35803   -585.00000    549.50216     34.1
   506.28839   -585.00000    537.25017     34.2
   505.21875   -585.00000    524.99817     34.3
   504.14911   -585.00000    512.74618     34.4
   503.07946   -585.00000    500.49418     34.5
   502.00982   -585.00000    488.24218     34.6
   500.94018   -585.00000    475.99019     34.7
   499.87053   -585.00000    463.73819     34.8
   498.80089   -585.00000    451.48620     34.9
   497.73125   -585.00000    439.23420     35.0
   496.66161   -585.00000    426.98221     35.1
   495.59196   -585.00000    414.73021     35.2
   494.52232   -585.00000    402.47822     35.3
   493.45268   -585.00000    390.22622     35.4
   492.38303   -585.00000    377.97422     35.5
   491.31339   -585.00000    365.72223     35.6
   544.67912   -595.00000    976.98957     35.7
   543.53187   -595.00000    963.84928     35.8
   542.38462   -595.00000    950.70899     35.9
   541.23736   -595.00000    937.56871     36.0
   540.09011   -595.00000    924.42842     36.1
   538.94286   -595.00000    911.28813     36.2
   537.79561   -595.00000    898.14784     36.3
   536.64835   -595.00000    885.00756     36.4
   535.50110   -595.00000    871.86727     36.5
   534.35385   -595.00000    858.72698     36.6
   533.20660   -595.00000    845.58669     36.7
   532.05934   -595.00000    832.44641     36.8
   530.91209   -595.00000    819.30612     36.9
   529.76484   -595.00000    806.16583     37.0
   528.61758   -595.00000    793.02555     37.1
   527.47033   -595.00000    779.88526     37.2
   526.32308   -595.00000    766.74497     37.3
   525.17583   -595.00000    753.60468     37.4
   524.02857   -595.00000    740.46440     37.5
   522.88132   -595.00000    727.32411     37.6
   521.73407   -595.00000    714.18382     37.7
   520.58682   -595.00000    701.04353     37.8
   519.43956   -595.00000    687.90325     37.9
   518.29231   -595.00000    674.76296     38.0
   517.14506   -595.00000    661.62267     38.1
   515.99781   -595.00000    648.48238     38.2
   514.85055   -595.00000    635.34210     38.3
   513.70330   -595.00000    622.20181     38.4
   512.55605   -595.00000    609.06152     38.5
   511.40880   -595.00000    595.92123     38.6
   510.26154   -595.00000    582.78095     38.7
   509.11429   -595.00000    569.64066     38.8
   507.96704   -595.00000    556.50037     38.9
   506.81979   -595.00000    543.36008     39.0
   505.67253   -595.00000    530.21980     39.1
   504.52528   -595.00000    517.07951     39.2
   503.37803   -595.00000    503.93922     39.3
   502.23078   -595.00000    490.79894     39.4
   501.08352   -595.00000    477.65865     39.5
   499.93627   -595.00000    464.51836     39.6
   498.78902   -595.00000    451.37807     39.7
   497.64177   -595.00000    438.23779     39.8
   496.49451   -595.00000    425.09750     39.9
   495.34726   -595.00000    411.95721     40.0
   494.20001   -595.00000    398.81692     40.1
   493.05275   -595.00000    385.67664     40.2
   491.90550   -595.00000    372.53635     40.3
   544.54182   -605.00000    975.41810     40.4
   543.30304   -605.00000    961.23017     40.5
   542.06426   -605.00000    947.04224     40.6
   540.82547   -605.00000    932.85431     40.7
   539.58669   -605.00000    918.66638     40.8
   538.34791   -605.00000    904.47845     40.9
   537.10912   -605.00000    890.29052     41.0
   535.87034   -605.00000    876.10258     41.1
   534.63156   -605.00000    861.91465     41.2
   533.39277   -605.00000    847.72672     41.3
   532.15399   -605.00000    833.53879     41.4
   530.91521   -605.00000    819.35086     41.5
   529.67642   -605.00000    805.16293     41.6
   528.43764   -605.00000    790.97500     41.7
   527.19886   -605.00000    776.78707     41.8
   525.96007   -605.00000    762.59914     41.9
   524.72129   -605.00000    748.41120     42.0
   523.48250   -605.00000    734.22327     42.1
   522.24372   -605.00000    720.03534     42.2
   521.00494   -605.00000    705.84741     42.3
   519.76615   -605.00000    691.65948     42.4
   518.52737   -605.00000    677.47155     42.5
   517.28859   -605.00000    663.28362     42.6
   516.04980   -605.00000    649.09569     42.7
   514.81102   -605.00000    634.90775     42.8
   513.57224   -605.00000    620.71982     42.9
   512.33345   -605.00000    606.53189     43.0
   511.09467   -605.00000    592.34396     43.1
   509.85589   -605.00000    578.15603     43.2
   508.61710   -605.00000    563.96810     43.3
   507.37832   -605.00000    549.78017     43.4
   506.13953   -605.00000    535.59224     43.5
   504.90075   -605.00000    521.40430     43.6
   503.66197   -605.00000    507.21637     43.7
   502.42318   -605.00000    493.02844     43.8
   501.18440   -605.00000    478.84051     43.9
   499.94562   -605.00000    464.65258     44.0
   498.70683   -605.00000    450.46465     44.1
   497.46805   -605.00000    436.27672     44.2
   496.22927   -605.00000    422.08879     44.3
   494.99048   -605.00000    407.90085     44.4
   493.75170   -605.00000    393.71292     44.5
   492.51292   -605.00000    379.52499     44.6
   544.38267   -615.00000    973.59645     44.7
   543.03778   -615.00000    958.19408     44.8
   541.69289   -615.00000    942.79171     44.9
   540.34801   -615.00000    927.38934     45.0
   539.00312   -615.00000    911.98697     45.1
   537.65823   -615.00000    896.58460     45.2
   536.31334   -615.00000    881.18223     45.3
   534.96845   -615.00000    865.77986     45.4
   533.62357   -615.00000    850.37749     45.5
   532.27868   -615.00000    834.97512     45.6
   530.93379   -615.00000    819.57275     45.7
   529.58890   -615.00000    804.17038     45.8
   528.24402   -615.00000    788.76801     45.9
   526.89913   -615.00000    773.36564     46.0
   525.55424   -615.00000    757.96327     46.1
   524.20935   -615.00000    742.56090     46.2
   522.86446   -615.00000    727.15853     46.3
   521.51958   -615.00000    711.75616     46.4
   520.17469   -615.00000    696.35379     46.5
   518.82980   -615.00000    680.95142     46.6
   517.48491   -615.00000    665.54905     46.7
   516.14003   -615.00000    650.14668     46.8
   514.79514   -615.00000    634.74431     46.9
   513.45025   -615.00000    619.34194     47.0
   512.10536   -615.00000    603.93957     47.1
   510.76047   -615.00000    588.53720     47.2
   509.41559   -615.00000    573.13483     47.3
   508.07070   -615.00000    557.73246     47.4
   506.72581   -615.00000    542.33009     47.5
   505.38092   -615.00000    526.92772     47.6
   504.03604   -615.00000    511.52535     47.7
   502.69115   -615.00000    496.12298     47.8
   501.34626   -615.00000    480.72061     47.9
   500.00137   -615.00000    465.31824     48.0
   498.65648   -615.00000    449.91587     48.1
   497.31160   -615.00000    434.51350     48.2
   495.96671   -615.00000    419.11113     48.3
   494.62182   -615.00000    403.70876     48.4
   493.27693   -615.00000    388.30639     48.5
   491.93205   -615.00000    372.90402     48.6
   544.19590   -625.00000    971.45878     48.7
   542.72650   -625.00000    954.63129     48.8
   541.25710   -625.00000    937.80381     48.9
   539.78770   -625.00000    920.97633     49.0
   538.31830   -625.00000    904.14885     49.1
   536.84891   -625.00000    887.32136     49.2
   535.37951   -625.00000    870.49388     49.3
   533.91011   -625.00000    853.66640     49.4
   532.44071   -625.00000    836.83891     49.5
   530.97131   -625.00000    820.01143     49.6
   529.50191   -625.00000    803.18395     49.7
   528.03251   -625.00000    786.35647     49.8
   526.56311   -625.00000    769.52898     49.9
   525.09371   -625.00000    752.70150     50.0
   523.62431   -625.00000    735.87402     50.1
   522.15491   -625.00000    719.04654     50.2
   520.68552   -625.00000    702.21905     50.3
   519.21612   -625.00000    685.39157     50.4
   517.74672   -625.00000    668.56409     50.5
   516.27732   -625.00000    651.73660     50.6
   514.80792   -625.00000    634.90912     50.7
   513.33852   -625.00000    618.08164     50.8
   511.86912   -625.00000    601.25416     50.9
   510.39972   -625.00000    584.42667     51.0
   508.93032   -625.00000    567.59919     51.1
   507.46092   -625.00000    550.77171     51.2
   505.99152   -625.00000    533.94423     51.3
   504.52213   -625.00000    517.11674     51.4
   503.05273   -625.00000    500.28926     51.5
   501.58333   -625.00000    483.46178     51.6
   500.11393   -625.00000    466.63429     51.7
   498.64453   -625.00000    449.80681     51.8
   497.17513   -625.00000    432.97933     51.9
   495.70573   -625.00000    416.15185     52.0
   494.23633   -625.00000    399.32436     52.1
   492.76693   -625.00000    382.49688     52.2
   543.98455   -635.00000    969.03984     52.3
   542.37426   -635.00000    950.59974     52.4
   540.76396   -635.00000    932.15964     52.5
   539.15366   -635.00000    913.71953     52.6
   537.54336   -635.00000    895.27943     52.7
   535.93307   -635.00000    876.83932     52.8
   534.32277   -635.00000    858.39922     52.9
   532.71247   -635.00000    839.95912     53.0
   531.10218   -635.00000    821.51901     53.1
   529.49188   -635.00000    803.07891     53.2
   527.88158   -635.00000    784.63880     53.3
   526.27128   -635.00000    766.19870     53.4
   524.66099   -635.00000    747.75860     53.5
   523.05069   -635.00000    729.31849     53.6
   521.44039   -635.00000    710.87839     53.7
   519.83009   -635.00000    692.43828     53.8
   518.21980   -635.00000    673.99818     53.9
   516.60950   -635.00000    655.55808     54.0
   514.99920   -635.00000    637.11797     54.1
   513.38890   -635.00000    618.67787     54.2
   511.77861   -635.00000    600.23776     54.3
   510.16831   -635.00000    581.79766     54.4
   508.55801   -635.00000    563.35756     54.5
   506.94772   -635.00000    544.91745     54.6
   505.33742   -635.00000    526.47735     54.7
   503.72712   -635.00000    508.03724     54.8
   502.11682   -635.00000    489.59714     54.9
   500.50653   -635.00000    471.15704     55.0
   498.89623   -635.00000    452.71693     55.1
   497.28593   -635.00000    434.27683     55.2
   495.67563   -635.00000    415.83672     55.3
   494.06534   -635.00000    397.39662     55.4
   492.45504   -635.00000    378.95652     55.5
   543.74166   -645.00000    966.25997     55.6
   541.96944   -645.00000    945.96661     55.7
   540.19722   -645.00000    925.67326     55.8
   538.42499   -645.00000    905.37991     55.9
   536.65277   -645.00000    885.08655     56.0
   534.88054   -645.00000    864.79320     56.1
   533.10832   -645.00000    844.49984     56.2
   531.33610   -645.00000    824.20649     56.3
   529.56387   -645.00000    803.91313     56.4
   527.79165   -645.00000    783.61978     56.5
   526.01942   -645.00000    763.32642     56.6
   524.24720   -645.00000    743.03307     56.7
   522.47498   -645.00000    722.73972     56.8
   520.70275   -645.00000    702.44636     56.9
   518.93053   -645.00000    682.15301     57.0
   517.15830   -645.00000    661.85965     57.1
   515.38608   -645.00000    641.56630     57.2
   513.61386   -645.00000    621.27294     57.3
   511.84163   -645.00000    600.97959     57.4
   510.06941   -645.00000    580.68623     57.5
   508.29718   -645.00000    560.39288     57.6
   506.52496   -645.00000    540.09953     57.7
   504.75274   -645.00000    519.80617     57.8
   502.98051   -645.00000    499.51282     57.9
   501.20829   -645.00000    479.21946     58.0
   499.43606   -645.00000    458.92611     58.1
   497.66384   -645.00000    438.63275     58.2
   495.89162   -645.00000    418.33940     58.3
   494.11939   -645.00000    398.04604     58.4
   492.34717   -645.00000    377.75269     58.5
   543.46489   -655.00000    963.09240     58.6
   541.50815   -655.00000    940.68734     58.7
   539.55141   -655.00000    918.28227     58.8
   537.59467   -655.00000    895.87721     58.9
   535.63793   -655.00000    873.47214     59.0
   533.68119   -655.00000    851.06708     59.1
   531.72445   -655.00000    828.66201     59.2
   529.76771   -655.00000    806.25695     59.3
   527.81098   -655.00000    783.85188     59.4
   525.85424   -655.00000    761.44682     59.5
   523.89750   -655.00000    739.04175     59.6
   521.94076   -655.00000    716.63669     59.7
   519.98402   -655.00000    694.23162     59.8
   518.02728   -655.00000    671.82656     59.9
   516.07054   -655.00000    649.42149     60.0
   514.11380   -655.00000    627.01643     60.1
   512.15706   -655.00000    604.61136     60.2
   510.20032   -655.00000    582.20630     60.3
   508.24358   -655.00000    559.80123     60.4
   506.28684   -655.00000    537.39617     60.5
   504.33010   -655.00000    514.99110     60.6
   502.37336   -655.00000    492.58604     60.7
   500.41662   -655.00000    470.18098     60.8
   498.45988   -655.00000    447.77591     60.9
   496.50314   -655.00000    425.37085     61.0
   494.54640   -655.00000    402.96578     61.1
   492.58966   -655.00000    380.56072     61.2
   543.15301   -665.00000    959.52324     61.3
   540.98836   -665.00000    934.73874     61.4
   538.82370   -665.00000    909.95424     61.5
   536.65904   -665.00000    885.16973     61.6
   534.49439   -665.00000    860.38523     61.7
   532.32973   -665.00000    835.60072     61.8
   530.16507   -665.00000    810.81622     61.9
   528.00042   -665.00000    786.03172     62.0
   525.83576   -665.00000    761.24721     62.1
   523.67110   -665.00000    736.46271     62.2
   521.50645   -665.00000    711.67821     62.3
   519.34179   -665.00000    686.89370     62.4
   517.17713   -665.00000    662.10920     62.5
   515.01248   -665.00000    637.32469     62.6
   512.84782   -665.00000    612.54019     62.7
   510.68316   -665.00000    587.75569     62.8
   508.51851   -665.00000    562.97118     62.9
   506.35385   -665.00000    538.18668     63.0
   504.18919   -665.00000    513.40217     63.1
   502.02454   -665.00000    488.61767     63.2
   499.85988   -665.00000    463.83317     63.3
   497.69522   -665.00000    439.04866     63.4
   495.53057   -665.00000    414.26416     63.5
   493.36591   -665.00000    389.47966     63.6
   542.80694   -675.00000    955.56288     63.7
   540.41156   -675.00000    928.13814     63.8
   538.01619   -675.00000    900.71339     63.9
   535.62082   -675.00000    873.28865     64.0
   533.22544   -675.00000    845.86390     64.1
   530.83007   -675.00000    818.43916     64.2
   528.43469   -675.00000    791.01441     64.3
   526.03932   -675.00000    763.58967     64.4
   523.64394   -675.00000    736.16492     64.5
   521.24857   -675.00000    708.74018     64.6
   518.85320   -675.00000    681.31543     64.7
   516.45782   -675.00000    653.89069     64.8
   514.06245   -675.00000    626.46594     64.9
   511.66707   -675.00000    599.04120     65.0
   509.27170   -675.00000    571.61645     65.1
   506.87632   -675.00000    544.19171     65.2
   504.48095   -675.00000    516.76696     65.3
   502.08558   -675.00000    489.34222     65.4
   499.69020   -675.00000    461.91747     65.5
   497.29483   -675.00000    434.49273     65.6
   494.89945   -675.00000    407.06798     65.7
   542.43107   -685.00000    951.26182     65.8
   539.78511   -685.00000    920.96969     65.9
   537.13916   -685.00000    890.67757     66.0
   534.49320   -685.00000    860.38545     66.1
   531.84725   -685.00000    830.09333     66.2
   529.20129   -685.00000    799.80121     66.3
   526.55534   -685.00000    769.50908     66.4
   523.90938   -685.00000    739.21696     66.5
   521.26343   -685.00000    708.92484     66.6
   518.61747   -685.00000    678.63272     66.7
   515.97152   -685.00000    648.34060     66.8
   513.32556   -685.00000    618.04847     66.9
   510.67961   -685.00000    587.75635     67.0
   508.03366   -685.00000    557.46423     67.1
   505.38770   -685.00000    527.17211     67.2
   502.74175   -685.00000    496.87999     67.3
   500.09579   -685.00000    466.58786     67.4
   497.44984   -685.00000    436.29574     67.5
   494.80388   -685.00000    406.00362     67.6
   542.01054   -695.00000    946.44997     67.7
   539.08424   -695.00000    912.94995     67.8
   536.15793   -695.00000    879.44992     67.9
   533.23162   -695.00000    845.94990     68.0
   530.30532   -695.00000    812.44988     68.1
   527.37901   -695.00000    778.94986     68.2
   524.45271   -695.00000    745.44984     68.3
   521.52640   -695.00000    711.94981     68.4
   518.60009   -695.00000    678.44979     68.5
   515.67379   -695.00000    644.94977     68.6
   512.74748   -695.00000    611.44975     68.7
   509.82118   -695.00000    577.94973     68.8
   506.89487   -695.00000    544.44970     68.9
   503.96856   -695.00000    510.94968     69.0
   501.04226   -695.00000    477.44966     69.1
   498.11595   -695.00000    443.94964     69.2
   495.18965   -695.00000    410.44962     69.3
   541.54584   -705.00000    941.13291     69.4
   538.30973   -705.00000    904.08819     69.5
   535.07362   -705.00000    867.04346     69.6
   531.83752   -705.00000    829.99873     69.7
   528.60141   -705.00000    792.95401     69.8
   525.36530   -705.00000    755.90928     69.9
   522.12919   -705.00000    718.86456     70.0
   518.89309   -705.00000    681.81983     70.1
   515.65698   -705.00000    644.77511     70.2
   512.42087   -705.00000    607.73038     70.3
   509.18477   -705.00000    570.68565     70.4
   505.94866   -705.00000    533.64093     70.5
   502.71255   -705.00000    496.59620     70.6
   499.47644   -705.00000    459.55148     70.7
   496.24034   -705.00000    422.50675     70.8
   541.04136   -715.00000    935.36106     70.9
   537.46893   -715.00000    894.46844     71.0
   533.89650   -715.00000    853.57581     71.1
   530.32408   -715.00000    812.68319     71.2
   526.75165   -715.00000    771.79057     71.3
   523.17922   -715.00000    730.89794     71.4
   519.60680   -715.00000    690.00532     71.5
   516.03437   -715.00000    649.11269     71.6
   512.46194   -715.00000    608.22007     71.7
   508.88951   -715.00000    567.32744     71.8
   505.31709   -715.00000    526.43482     71.9
   501.74466   -715.00000    485.54219     72.0
   498.17223   -715.00000    444.64957     72.1
   494.59981   -715.00000    403.75695     72.2
   540.46171   -725.00000    928.72939     72.3
   536.50285   -725.00000    883.41565     72.4
   532.54399   -725.00000    838.10192     72.5
   528.58513   -725.00000    792.78818     72.6
   524.62627   -725.00000    747.47444     72.7
   520.66741   -725.00000    702.16070     72.8
   516.70855   -725.00000    656.84696     72.9
   512.74969   -725.00000    611.53322     73.0
   508.79083   -725.00000    566.21949     73.1
   504.83197   -725.00000    520.90575     73.2
   500.87311   -725.00000    475.59201     73.3
   496.91425   -725.00000    430.27827     73.4
   539.85143   -735.00000    921.74775     73.5
   535.48571   -735.00000    871.77959     73.6
   531.12000   -735.00000    821.81143     73.7
   526.75428   -735.00000    771.84326     73.8
   522.38856   -735.00000    721.87510     73.9
   518.02285   -735.00000    671.90694     74.0
   513.65713   -735.00000    621.93877     74.1
   509.29142   -735.00000    571.97061     74.2
   504.92570   -735.00000    522.00244     74.3
   500.55999   -735.00000    472.03428     74.4
   496.19427   -735.00000    422.06612     74.5
   539.16730   -745.00000    913.92170     74.6
   534.34550   -745.00000    858.73616     74.7
   529.52370   -745.00000    803.55062     74.8
   524.70191   -745.00000    748.36509     74.9
   519.88011   -745.00000    693.17955     75.0
   515.05831   -745.00000    637.99402     75.1
   510.23651   -745.00000    582.80848     75.2
   505.41471   -745.00000    527.62294     75.3
   500.59291   -745.00000    472.43741     75.4
   538.48892   -755.00000    906.16210     75.5
   533.21486   -755.00000    845.80351     75.6
   527.94080   -755.00000    785.44491     75.7
   522.66675   -755.00000    725.08631     75.8
   517.39269   -755.00000    664.72771     75.9
   512.11864   -755.00000    604.36912     76.0
   506.84458   -755.00000    544.01052     76.1
   501.57053   -755.00000    483.65192     76.2
   537.76743   -765.00000    897.90999     76.3
   532.01238   -765.00000    832.04999     76.4
   526.25733   -765.00000    766.18999     76.5
   520.50228   -765.00000    700.32998     76.6
   514.74723   -765.00000    634.46998     76.7
   508.99218   -765.00000    568.60997     76.8
   503.23713   -765.00000    502.74997     76.9
   537.01719   -775.00000    889.32974     77.0
   530.76198   -775.00000    817.74957     77.1
   524.50677   -775.00000    746.16940     77.2
   518.25157   -775.00000    674.58923     77.3
   511.99636   -775.00000    603.00905     77.4
   505.74115   -775.00000    531.42888     77.5
   499.48594   -775.00000    459.84871     77.6
   536.12255   -785.00000    879.09805     77.7
   529.27092   -785.00000    800.69675     77.8
   522.41929   -785.00000    722.29544     77.9
   515.56766   -785.00000    643.89414     78.0
   508.71603   -785.00000    565.49284     78.1
   501.86440   -785.00000    487.09154     78.2
   535.20641   -795.00000    868.62126     78.3
   527.74402   -795.00000    783.23544     78.4
   520.28163   -795.00000    697.84962     78.5
   512.81923   -795.00000    612.46379     78.6
   505.35684   -795.00000    527.07797     78.7
   534.30707   -805.00000    858.33774     78.8
   526.24512   -805.00000    766.09624     78.9
   518.18316   -805.00000    673.85473     79.0
   510.12121   -805.00000    581.61322     79.1
   502.05925   -805.00000    489.37172     79.2
   533.24961   -815.00000    846.24625     79.3
   524.48269   -815.00000    745.94374     79.4
   515.71576   -815.00000    645.64124     79.5
   506.94884   -815.00000    545.33874     79.6
   532.25959   -825.00000    834.92747     79.7
   522.83266   -825.00000    727.07912     79.8
   513.40572   -825.00000    619.23077     79.9
   503.97878   -825.00000    511.38241     80.0
