   394.03045    335.90000    718.69810     57.0
   385.43956    335.90000    723.81638     57.1
   376.84868    335.90000    728.93465     57.2
   368.25780    335.90000    734.05292     57.3
   359.66691    335.90000    739.17119     57.4
   351.07603    335.90000    744.28946     57.5
   394.74652    325.90000    718.21922     57.6
   386.15516    325.90000    723.33777     57.7
   377.56381    325.90000    728.45633     57.8
   368.97245    325.90000    733.57488     57.9
   360.38110    325.90000    738.69343     58.0
   351.78974    325.90000    743.81198     58.1
   343.19838    325.90000    748.93054     58.2
   334.60703    325.90000    754.04909     58.3
   326.01567    325.90000    759.16764     58.4
   317.42432    325.90000    764.28619     58.5
   308.83296    325.90000    769.40474     58.6
   300.24161    325.90000    774.52330     58.7
   291.65025    325.90000    779.64185     58.8
   283.05890    325.90000    784.76040     58.9
   395.45615    315.90000    717.74418     59.0
   386.86002    315.90000    722.86557     59.1
   378.26390    315.90000    727.98696     59.2
   369.66778    315.90000    733.10835     59.3
   361.07166    315.90000    738.22974     59.4
   352.47554    315.90000    743.35113     59.5
   343.87942    315.90000    748.47253     59.6
   335.28330    315.90000    753.59392     59.7
   326.68718    315.90000    758.71531     59.8
   318.09106    315.90000    763.83670     59.9
   309.49493    315.90000    768.95809     60.0
   300.89881    315.90000    774.07948     60.1
   292.30269    315.90000    779.20087     60.2
   283.70657    315.90000    784.32227     60.3
   275.11045    315.90000    789.44366     60.4
   266.51433    315.90000    794.56505     60.5
   257.91821    315.90000    799.68644     60.6
   249.32209    315.90000    804.80783     60.7
   240.72597    315.90000    809.92922     60.8
   232.12985    315.90000    815.05061     60.9
   223.53372    315.90000    820.17200     61.0
   214.93760    315.90000    825.29340     61.1
   206.34148    315.90000    830.41479     61.2
   396.14440    305.90000    717.28187     61.3
   387.52926    305.90000    722.41459     61.4
   378.91413    305.90000    727.54731     61.5
   370.29899    305.90000    732.68003     61.6
   361.68386    305.90000    737.81275     61.7
   353.06873    305.90000    742.94546     61.8
   344.45359    305.90000    748.07818     61.9
   335.83846    305.90000    753.21090     62.0
   327.22332    305.90000    758.34362     62.1
   318.60819    305.90000    763.47634     62.2
   309.99305    305.90000    768.60906     62.3
   301.37792    305.90000    773.74178     62.4
   292.76278    305.90000    778.87450     62.5
   284.14765    305.90000    784.00722     62.6
   275.53251    305.90000    789.13994     62.7
   266.91738    305.90000    794.27266     62.8
   258.30224    305.90000    799.40538     62.9
   249.68711    305.90000    804.53810     63.0
   241.07197    305.90000    809.67082     63.1
   232.45684    305.90000    814.80354     63.2
   223.84170    305.90000    819.93626     63.3
   215.22657    305.90000    825.06898     63.4
   206.61143    305.90000    830.20169     63.5
   197.99630    305.90000    835.33441     63.6
   189.38116    305.90000    840.46713     63.7
   180.76603    305.90000    845.59985     63.8
   172.15089    305.90000    850.73257     63.9
   163.53576    305.90000    855.86529     64.0
   154.92062    305.90000    860.99801     64.1
   146.30549    305.90000    866.13073     64.2
   137.69035    305.90000    871.26345     64.3
   396.78932    295.90000    716.84537     64.4
   388.12628    295.90000    722.00663     64.5
   379.46325    295.90000    727.16789     64.6
   370.80021    295.90000    732.32915     64.7
   362.13717    295.90000    737.49041     64.8
   353.47413    295.90000    742.65167     64.9
   344.81110    295.90000    747.81293     65.0
   336.14806    295.90000    752.97419     65.1
   327.48502    295.90000    758.13544     65.2
   318.82198    295.90000    763.29670     65.3
   310.15895    295.90000    768.45796     65.4
   301.49591    295.90000    773.61922     65.5
   292.83287    295.90000    778.78048     65.6
   284.16983    295.90000    783.94174     65.7
   275.50680    295.90000    789.10300     65.8
   266.84376    295.90000    794.26426     65.9
   258.18072    295.90000    799.42551     66.0
   249.51768    295.90000    804.58677     66.1
   240.85465    295.90000    809.74803     66.2
   232.19161    295.90000    814.90929     66.3
   223.52857    295.90000    820.07055     66.4
   214.86553    295.90000    825.23181     66.5
   206.20250    295.90000    830.39307     66.6
   197.53946    295.90000    835.55433     66.7
   188.87642    295.90000    840.71558     66.8
   180.21338    295.90000    845.87684     66.9
   171.55035    295.90000    851.03810     67.0
   162.88731    295.90000    856.19936     67.1
   154.22427    295.90000    861.36062     67.2
   145.56123    295.90000    866.52188     67.3
   136.89819    295.90000    871.68314     67.4
   128.23516    295.90000    876.84440     67.5
   119.57212    295.90000    882.00565     67.6
   110.90908    295.90000    887.16691     67.7
   102.24604    295.90000    892.32817     67.8
    93.58301    295.90000    897.48943     67.9
    84.91997    295.90000    902.65069     68.0
    76.25693    295.90000    907.81195     68.1
    67.59389    295.90000    912.97321     68.2
   397.36220    285.90000    716.45775     68.3
   388.60323    285.90000    721.68013     68.4
   379.84426    285.90000    726.90251     68.5
   371.08529    285.90000    732.12489     68.6
   362.32632    285.90000    737.34726     68.7
   353.56735    285.90000    742.56964     68.8
   344.80838    285.90000    747.79202     68.9
   336.04941    285.90000    753.01440     69.0
   327.29044    285.90000    758.23678     69.1
   318.53147    285.90000    763.45916     69.2
   309.77250    285.90000    768.68154     69.3
   301.01353    285.90000    773.90391     69.4
   292.25456    285.90000    779.12629     69.5
   283.49559    285.90000    784.34867     69.6
   274.73662    285.90000    789.57105     69.7
   265.97765    285.90000    794.79343     69.8
   257.21868    285.90000    800.01581     69.9
   248.45971    285.90000    805.23819     70.0
   239.70074    285.90000    810.46056     70.1
   230.94177    285.90000    815.68294     70.2
   222.18280    285.90000    820.90532     70.3
   213.42383    285.90000    826.12770     70.4
   204.66486    285.90000    831.35008     70.5
   195.90589    285.90000    836.57246     70.6
   187.14692    285.90000    841.79483     70.7
   178.38795    285.90000    847.01721     70.8
   169.62898    285.90000    852.23959     70.9
   160.87001    285.90000    857.46197     71.0
   152.11104    285.90000    862.68435     71.1
   143.35207    285.90000    867.90673     71.2
   134.59310    285.90000    873.12911     71.3
   125.83413    285.90000    878.35148     71.4
   117.07516    285.90000    883.57386     71.5
   108.31619    285.90000    888.79624     71.6
    99.55722    285.90000    894.01862     71.7
    90.79825    285.90000    899.24100     71.8
    82.03928    285.90000    904.46338     71.9
    73.28031    285.90000    909.68576     72.0
    64.52134    285.90000    914.90813     72.1
    55.76237    285.90000    920.13051     72.2
    47.00340    285.90000    925.35289     72.3
   397.85766    275.90000    716.11905     72.4
   388.95115    275.90000    721.43516     72.5
   380.04463    275.90000    726.75128     72.6
   371.13812    275.90000    732.06739     72.7
   362.23161    275.90000    737.38350     72.8
   353.32509    275.90000    742.69962     72.9
   344.41858    275.90000    748.01573     73.0
   335.51207    275.90000    753.33184     73.1
   326.60555    275.90000    758.64796     73.2
   317.69904    275.90000    763.96407     73.3
   308.79252    275.90000    769.28019     73.4
   299.88601    275.90000    774.59630     73.5
   290.97950    275.90000    779.91241     73.6
   282.07298    275.90000    785.22853     73.7
   273.16647    275.90000    790.54464     73.8
   264.25996    275.90000    795.86075     73.9
   255.35344    275.90000    801.17687     74.0
   246.44693    275.90000    806.49298     74.1
   237.54042    275.90000    811.80909     74.2
   228.63390    275.90000    817.12521     74.3
   219.72739    275.90000    822.44132     74.4
   210.82088    275.90000    827.75743     74.5
   201.91436    275.90000    833.07355     74.6
   193.00785    275.90000    838.38966     74.7
   184.10134    275.90000    843.70577     74.8
   175.19482    275.90000    849.02189     74.9
   166.28831    275.90000    854.33800     75.0
   157.38180    275.90000    859.65411     75.1
   148.47528    275.90000    864.97023     75.2
   139.56877    275.90000    870.28634     75.3
   130.66226    275.90000    875.60245     75.4
   121.75574    275.90000    880.91857     75.5
   112.84923    275.90000    886.23468     75.6
   103.94272    275.90000    891.55080     75.7
    95.03620    275.90000    896.86691     75.8
    86.12969    275.90000    902.18302     75.9
    77.22318    275.90000    907.49914     76.0
    68.31666    275.90000    912.81525     76.1
    59.41015    275.90000    918.13136     76.2
    50.50364    275.90000    923.44748     76.3
    41.59712    275.90000    928.76359     76.4
   398.27427    265.90000    715.82776     76.5
   389.16765    265.90000    721.26921     76.6
   380.06103    265.90000    726.71067     76.7
   370.95440    265.90000    732.15212     76.8
   361.84778    265.90000    737.59358     76.9
   352.74116    265.90000    743.03503     77.0
   343.63454    265.90000    748.47649     77.1
   334.52792    265.90000    753.91794     77.2
   325.42129    265.90000    759.35940     77.3
   316.31467    265.90000    764.80085     77.4
   307.20805    265.90000    770.24230     77.5
   298.10143    265.90000    775.68376     77.6
   288.99480    265.90000    781.12521     77.7
   279.88818    265.90000    786.56667     77.8
   270.78156    265.90000    792.00812     77.9
   261.67494    265.90000    797.44958     78.0
   252.56832    265.90000    802.89103     78.1
   243.46169    265.90000    808.33249     78.2
   234.35507    265.90000    813.77394     78.3
   225.24845    265.90000    819.21540     78.4
   216.14183    265.90000    824.65685     78.5
   207.03520    265.90000    830.09830     78.6
   197.92858    265.90000    835.53976     78.7
   188.82196    265.90000    840.98121     78.8
   179.71534    265.90000    846.42267     78.9
   170.60872    265.90000    851.86412     79.0
   161.50209    265.90000    857.30558     79.1
   152.39547    265.90000    862.74703     79.2
   143.28885    265.90000    868.18849     79.3
   134.18223    265.90000    873.62994     79.4
   125.07560    265.90000    879.07140     79.5
   115.96898    265.90000    884.51285     79.6
   106.86236    265.90000    889.95430     79.7
    97.75574    265.90000    895.39576     79.8
    88.64911    265.90000    900.83721     79.9
    79.54249    265.90000    906.27867     80.0
    70.43587    265.90000    911.72012     80.1
    61.32925    265.90000    917.16158     80.2
    52.22263    265.90000    922.60303     80.3
    43.11600    265.90000    928.04449     80.4
   398.61401    255.90000    715.58285     80.5
   389.25603    255.90000    721.18056     80.6
   379.89806    255.90000    726.77828     80.7
   370.54008    255.90000    732.37600     80.8
   361.18210    255.90000    737.97371     80.9
   351.82412    255.90000    743.57143     81.0
   342.46614    255.90000    749.16914     81.1
   333.10816    255.90000    754.76686     81.2
   323.75019    255.90000    760.36457     81.3
   314.39221    255.90000    765.96229     81.4
   305.03423    255.90000    771.56001     81.5
   295.67625    255.90000    777.15772     81.6
   286.31827    255.90000    782.75544     81.7
   276.96029    255.90000    788.35315     81.8
   267.60232    255.90000    793.95087     81.9
   258.24434    255.90000    799.54858     82.0
   248.88636    255.90000    805.14630     82.1
   239.52838    255.90000    810.74402     82.2
   230.17040    255.90000    816.34173     82.3
   220.81242    255.90000    821.93945     82.4
   211.45445    255.90000    827.53716     82.5
   202.09647    255.90000    833.13488     82.6
   192.73849    255.90000    838.73260     82.7
   183.38051    255.90000    844.33031     82.8
   174.02253    255.90000    849.92803     82.9
   164.66455    255.90000    855.52574     83.0
   155.30658    255.90000    861.12346     83.1
   145.94860    255.90000    866.72117     83.2
   136.59062    255.90000    872.31889     83.3
   127.23264    255.90000    877.91661     83.4
   117.87466    255.90000    883.51432     83.5
   108.51668    255.90000    889.11204     83.6
    99.15871    255.90000    894.70975     83.7
    89.80073    255.90000    900.30747     83.8
    80.44275    255.90000    905.90518     83.9
    71.08477    255.90000    911.50290     84.0
    61.72679    255.90000    917.10062     84.1
    52.36881    255.90000    922.69833     84.2
   398.88564    245.90000    715.37923     84.3
   389.23089    245.90000    721.16073     84.4
   379.57615    245.90000    726.94223     84.5
   369.92140    245.90000    732.72373     84.6
   360.26665    245.90000    738.50524     84.7
   350.61191    245.90000    744.28674     84.8
   340.95716    245.90000    750.06824     84.9
   331.30242    245.90000    755.84975     85.0
   321.64767    245.90000    761.63125     85.1
   311.99292    245.90000    767.41275     85.2
   302.33818    245.90000    773.19425     85.3
   292.68343    245.90000    778.97576     85.4
   283.02869    245.90000    784.75726     85.5
   273.37394    245.90000    790.53876     85.6
   263.71919    245.90000    796.32027     85.7
   254.06445    245.90000    802.10177     85.8
   244.40970    245.90000    807.88327     85.9
   234.75496    245.90000    813.66477     86.0
   225.10021    245.90000    819.44628     86.1
   215.44546    245.90000    825.22778     86.2
   205.79072    245.90000    831.00928     86.3
   196.13597    245.90000    836.79078     86.4
   186.48123    245.90000    842.57229     86.5
   176.82648    245.90000    848.35379     86.6
   167.17173    245.90000    854.13529     86.7
   157.51699    245.90000    859.91680     86.8
   147.86224    245.90000    865.69830     86.9
   138.20750    245.90000    871.47980     87.0
   128.55275    245.90000    877.26130     87.1
   118.89800    245.90000    883.04281     87.2
   109.24326    245.90000    888.82431     87.3
    99.58851    245.90000    894.60581     87.4
    89.93377    245.90000    900.38732     87.5
    80.27902    245.90000    906.16882     87.6
    70.62428    245.90000    911.95032     87.7
    60.96953    245.90000    917.73182     87.8
    51.31478    245.90000    923.51333     87.9
   399.07536    235.90000    715.22529     88.0
   389.06924    235.90000    721.22371     88.1
   379.06312    235.90000    727.22212     88.2
   369.05701    235.90000    733.22054     88.3
   359.05089    235.90000    739.21895     88.4
   349.04477    235.90000    745.21736     88.5
   339.03866    235.90000    751.21578     88.6
   329.03254    235.90000    757.21419     88.7
   319.02642    235.90000    763.21261     88.8
   309.02031    235.90000    769.21102     88.9
   299.01419    235.90000    775.20944     89.0
   289.00807    235.90000    781.20785     89.1
   279.00196    235.90000    787.20627     89.2
   268.99584    235.90000    793.20468     89.3
   258.98972    235.90000    799.20310     89.4
   248.98361    235.90000    805.20151     89.5
   238.97749    235.90000    811.19993     89.6
   228.97138    235.90000    817.19834     89.7
   218.96526    235.90000    823.19676     89.8
   208.95914    235.90000    829.19517     89.9
   198.95303    235.90000    835.19359     90.0
   188.94691    235.90000    841.19200     90.1
   178.94079    235.90000    847.19042     90.2
   168.93468    235.90000    853.18883     90.3
   158.92856    235.90000    859.18725     90.4
   148.92244    235.90000    865.18566     90.5
   138.91633    235.90000    871.18407     90.6
   128.91021    235.90000    877.18249     90.7
   118.90409    235.90000    883.18090     90.8
   108.89798    235.90000    889.17932     90.9
    98.89186    235.90000    895.17773     91.0
    88.88574    235.90000    901.17615     91.1
    78.87963    235.90000    907.17456     91.2
    68.87351    235.90000    913.17298     91.3
    58.86739    235.90000    919.17139     91.4
    48.86128    235.90000    925.16981     91.5
   399.17609    225.90000    715.12545     91.6
   388.75928    225.90000    721.37684     91.7
   378.34247    225.90000    727.62824     91.8
   367.92566    225.90000    733.87963     91.9
   357.50885    225.90000    740.13102     92.0
   347.09204    225.90000    746.38241     92.1
   336.67523    225.90000    752.63380     92.2
   326.25842    225.90000    758.88519     92.3
   315.84161    225.90000    765.13658     92.4
   305.42480    225.90000    771.38797     92.5
   295.00799    225.90000    777.63937     92.6
   284.59118    225.90000    783.89076     92.7
   274.17437    225.90000    790.14215     92.8
   263.75756    225.90000    796.39354     92.9
   253.34075    225.90000    802.64493     93.0
   242.92394    225.90000    808.89632     93.1
   232.50713    225.90000    815.14771     93.2
   222.09032    225.90000    821.39910     93.3
   211.67351    225.90000    827.65050     93.4
   201.25670    225.90000    833.90189     93.5
   190.83989    225.90000    840.15328     93.6
   180.42308    225.90000    846.40467     93.7
   170.00627    225.90000    852.65606     93.8
   159.58946    225.90000    858.90745     93.9
   149.17265    225.90000    865.15884     94.0
   138.75584    225.90000    871.41023     94.1
   128.33903    225.90000    877.66163     94.2
   117.92222    225.90000    883.91302     94.3
   107.50541    225.90000    890.16441     94.4
    97.08860    225.90000    896.41580     94.5
    86.67179    225.90000    902.66719     94.6
    76.25498    225.90000    908.91858     94.7
    65.83817    225.90000    915.16997     94.8
    55.42136    225.90000    921.42137     94.9
   399.20106    215.90000    715.07194     95.0
   388.32305    215.90000    721.60720     95.1
   377.44504    215.90000    728.14245     95.2
   366.56702    215.90000    734.67771     95.3
   355.68901    215.90000    741.21296     95.4
   344.81100    215.90000    747.74822     95.5
   333.93298    215.90000    754.28347     95.6
   323.05497    215.90000    760.81872     95.7
   312.17696    215.90000    767.35398     95.8
   301.29894    215.90000    773.88923     95.9
   290.42093    215.90000    780.42449     96.0
   279.54292    215.90000    786.95974     96.1
   268.66490    215.90000    793.49500     96.2
   257.78689    215.90000    800.03025     96.3
   246.90888    215.90000    806.56550     96.4
   236.03086    215.90000    813.10076     96.5
   225.15285    215.90000    819.63601     96.6
   214.27484    215.90000    826.17127     96.7
   203.39682    215.90000    832.70652     96.8
   192.51881    215.90000    839.24177     96.9
   181.64079    215.90000    845.77703     97.0
   170.76278    215.90000    852.31228     97.1
   159.88477    215.90000    858.84754     97.2
   149.00675    215.90000    865.38279     97.3
   138.12874    215.90000    871.91805     97.4
   127.25073    215.90000    878.45330     97.5
   116.37271    215.90000    884.98855     97.6
   105.49470    215.90000    891.52381     97.7
    94.61669    215.90000    898.05906     97.8
    83.73867    215.90000    904.59432     97.9
    72.86066    215.90000    911.12957     98.0
    61.98265    215.90000    917.66483     98.1
    51.10463    215.90000    924.20008     98.2
   399.12465    205.90000    715.08032     98.3
   387.71784    205.90000    721.94070     98.4
   376.31103    205.90000    728.80108     98.5
   364.90423    205.90000    735.66145     98.6
   353.49742    205.90000    742.52183     98.7
   342.09061    205.90000    749.38220     98.8
   330.68381    205.90000    756.24258     98.9
   319.27700    205.90000    763.10295     99.0
   307.87019    205.90000    769.96333     99.1
   296.46339    205.90000    776.82371     99.2
   285.05658    205.90000    783.68408     99.3
   273.64977    205.90000    790.54446     99.4
   262.24297    205.90000    797.40483     99.5
   250.83616    205.90000    804.26521     99.6
   239.42935    205.90000    811.12558     99.7
   228.02255    205.90000    817.98596     99.8
   216.61574    205.90000    824.84634     99.9
   205.20893    205.90000    831.70671    100.0
   193.80213    205.90000    838.56709    100.1
   182.39532    205.90000    845.42746    100.2
   170.98851    205.90000    852.28784    100.3
   159.58171    205.90000    859.14822    100.4
   148.17490    205.90000    866.00859    100.5
   136.76809    205.90000    872.86897    100.6
   125.36129    205.90000    879.72934    100.7
   113.95448    205.90000    886.58972    100.8
   102.54767    205.90000    893.45009    100.9
    91.14087    205.90000    900.31047    101.0
    79.73406    205.90000    907.17085    101.1
    68.32725    205.90000    914.03122    101.2
    56.92044    205.90000    920.89160    101.3
   398.96553    195.90000    715.13955    101.4
   386.97479    195.90000    722.35894    101.5
   374.98405    195.90000    729.57833    101.6
   362.99331    195.90000    736.79772    101.7
   351.00257    195.90000    744.01711    101.8
   339.01183    195.90000    751.23651    101.9
   327.02110    195.90000    758.45590    102.0
   315.03036    195.90000    765.67529    102.1
   303.03962    195.90000    772.89468    102.2
   291.04888    195.90000    780.11408    102.3
   279.05814    195.90000    787.33347    102.4
   267.06740    195.90000    794.55286    102.5
   255.07666    195.90000    801.77225    102.6
   243.08593    195.90000    808.99164    102.7
   231.09519    195.90000    816.21104    102.8
   219.10445    195.90000    823.43043    102.9
   207.11371    195.90000    830.64982    103.0
   195.12297    195.90000    837.86921    103.1
   183.13223    195.90000    845.08860    103.2
   171.14149    195.90000    852.30800    103.3
   159.15076    195.90000    859.52739    103.4
   147.16002    195.90000    866.74678    103.5
   135.16928    195.90000    873.96617    103.6
   123.17854    195.90000    881.18557    103.7
   111.18780    195.90000    888.40496    103.8
    99.19706    195.90000    895.62435    103.9
    87.20632    195.90000    902.84374    104.0
    75.21559    195.90000    910.06313    104.1
    63.22485    195.90000    917.28253    104.2
   398.72468    185.90000    715.24918    104.3
   386.09553    185.90000    722.86120    104.4
   373.46637    185.90000    730.47322    104.5
   360.83722    185.90000    738.08523    104.6
   348.20807    185.90000    745.69725    104.7
   335.57891    185.90000    753.30927    104.8
   322.94976    185.90000    760.92129    104.9
   310.32061    185.90000    768.53330    105.0
   297.69145    185.90000    776.14532    105.1
   285.06230    185.90000    783.75734    105.2
   272.43315    185.90000    791.36936    105.3
   259.80399    185.90000    798.98137    105.4
   247.17484    185.90000    806.59339    105.5
   234.54569    185.90000    814.20541    105.6
   221.91654    185.90000    821.81742    105.7
   209.28738    185.90000    829.42944    105.8
   196.65823    185.90000    837.04146    105.9
   184.02908    185.90000    844.65348    106.0
   171.39992    185.90000    852.26549    106.1
   158.77077    185.90000    859.87751    106.2
   146.14162    185.90000    867.48953    106.3
   133.51246    185.90000    875.10155    106.4
   120.88331    185.90000    882.71356    106.5
   108.25416    185.90000    890.32558    106.6
    95.62500    185.90000    897.93760    106.7
    82.99585    185.90000    905.54962    106.8
    70.36670    185.90000    913.16163    106.9
    57.73754    185.90000    920.77365    107.0
   398.36310    175.90000    715.43293    107.1
   385.01504    175.90000    723.48698    107.2
   371.66698    175.90000    731.54103    107.3
   358.31893    175.90000    739.59508    107.4
   344.97087    175.90000    747.64914    107.5
   331.62281    175.90000    755.70319    107.6
   318.27475    175.90000    763.75724    107.7
   304.92670    175.90000    771.81129    107.8
   291.57864    175.90000    779.86534    107.9
   278.23058    175.90000    787.91940    108.0
   264.88252    175.90000    795.97345    108.1
   251.53447    175.90000    804.02750    108.2
   238.18641    175.90000    812.08155    108.3
   224.83835    175.90000    820.13560    108.4
   211.49029    175.90000    828.18965    108.5
   198.14224    175.90000    836.24371    108.6
   184.79418    175.90000    844.29776    108.7
   171.44612    175.90000    852.35181    108.8
   158.09806    175.90000    860.40586    108.9
   144.75001    175.90000    868.45991    109.0
   131.40195    175.90000    876.51396    109.1
   118.05389    175.90000    884.56802    109.2
   104.70583    175.90000    892.62207    109.3
    91.35778    175.90000    900.67612    109.4
    78.00972    175.90000    908.73017    109.5
    64.66166    175.90000    916.78422    109.6
   397.91436    165.90000    715.67075    109.7
   383.78929    165.90000    724.20288    109.8
   369.66422    165.90000    732.73502    109.9
   355.53915    165.90000    741.26715    110.0
   341.41408    165.90000    749.79929    110.1
   327.28901    165.90000    758.33142    110.2
   313.16394    165.90000    766.86356    110.3
   299.03888    165.90000    775.39569    110.4
   284.91381    165.90000    783.92782    110.5
   270.78874    165.90000    792.45996    110.6
   256.66367    165.90000    800.99209    110.7
   242.53860    165.90000    809.52423    110.8
   228.41353    165.90000    818.05636    110.9
   214.28846    165.90000    826.58850    111.0
   200.16339    165.90000    835.12063    111.1
   186.03833    165.90000    843.65276    111.2
   171.91326    165.90000    852.18490    111.3
   157.78819    165.90000    860.71703    111.4
   143.66312    165.90000    869.24917    111.5
   129.53805    165.90000    877.78130    111.6
   115.41298    165.90000    886.31344    111.7
   101.28791    165.90000    894.84557    111.8
    87.16284    165.90000    903.37770    111.9
    73.03778    165.90000    911.90984    112.0
   397.38439    155.90000    715.95923    112.1
   382.42816    155.90000    725.00322    112.2
   367.47193    155.90000    734.04721    112.3
   352.51570    155.90000    743.09120    112.4
   337.55946    155.90000    752.13518    112.5
   322.60323    155.90000    761.17917    112.6
   307.64700    155.90000    770.22316    112.7
   292.69077    155.90000    779.26715    112.8
   277.73454    155.90000    788.31114    112.9
   262.77831    155.90000    797.35513    113.0
   247.82208    155.90000    806.39912    113.1
   232.86584    155.90000    815.44310    113.2
   217.90961    155.90000    824.48709    113.3
   202.95338    155.90000    833.53108    113.4
   187.99715    155.90000    842.57507    113.5
   173.04092    155.90000    851.61906    113.6
   158.08469    155.90000    860.66305    113.7
   143.12846    155.90000    869.70704    113.8
   128.17223    155.90000    878.75103    113.9
   113.21599    155.90000    887.79501    114.0
    98.25976    155.90000    896.83900    114.1
    83.30353    155.90000    905.88299    114.2
    68.34730    155.90000    914.92698    114.3
   396.71835    145.90000    716.33173    114.4
   380.84024    145.90000    725.94359    114.5
   364.96213    145.90000    735.55544    114.6
   349.08402    145.90000    745.16730    114.7
   333.20591    145.90000    754.77916    114.8
   317.32780    145.90000    764.39101    114.9
   301.44969    145.90000    774.00287    115.0
   285.57159    145.90000    783.61473    115.1
   269.69348    145.90000    793.22658    115.2
   253.81537    145.90000    802.83844    115.3
   237.93726    145.90000    812.45030    115.4
   222.05915    145.90000    822.06216    115.5
   206.18104    145.90000    831.67401    115.6
   190.30293    145.90000    841.28587    115.7
   174.42482    145.90000    850.89773    115.8
   158.54671    145.90000    860.50958    115.9
   142.66860    145.90000    870.12144    116.0
   126.79050    145.90000    879.73330    116.1
   110.91239    145.90000    889.34515    116.2
    95.03428    145.90000    898.95701    116.3
    79.15617    145.90000    908.56887    116.4
   395.97684    135.90000    716.75179    116.5
   379.12654    135.90000    726.96323    116.6
   362.27624    135.90000    737.17466    116.7
   345.42594    135.90000    747.38610    116.8
   328.57564    135.90000    757.59754    116.9
   311.72534    135.90000    767.80897    117.0
   294.87504    135.90000    778.02041    117.1
   278.02474    135.90000    788.23184    117.2
   261.17444    135.90000    798.44328    117.3
   244.32414    135.90000    808.65471    117.4
   227.47384    135.90000    818.86615    117.5
   210.62354    135.90000    829.07758    117.6
   193.77324    135.90000    839.28902    117.7
   176.92294    135.90000    849.50045    117.8
   160.07265    135.90000    859.71189    117.9
   143.22235    135.90000    869.92332    118.0
   126.37205    135.90000    880.13476    118.1
   109.52175    135.90000    890.34620    118.2
    92.67145    135.90000    900.55763    118.3
    75.82115    135.90000    910.76907    118.4
   395.09221    125.90000    717.26061    118.5
   377.17432    125.90000    728.13080    118.6
   359.25642    125.90000    739.00098    118.7
   341.33852    125.90000    749.87116    118.8
   323.42062    125.90000    760.74135    118.9
   305.50272    125.90000    771.61153    119.0
   287.58482    125.90000    782.48171    119.1
   269.66692    125.90000    793.35190    119.2
   251.74902    125.90000    804.22208    119.3
   233.83112    125.90000    815.09226    119.4
   215.91322    125.90000    825.96245    119.5
   197.99532    125.90000    836.83263    119.6
   180.07742    125.90000    847.70281    119.7
   162.15952    125.90000    858.57300    119.8
   144.24163    125.90000    869.44318    119.9
   126.32373    125.90000    880.31336    120.0
   108.40583    125.90000    891.18355    120.1
    90.48793    125.90000    902.05373    120.2
    72.57003    125.90000    912.92391    120.3
   394.05262    115.90000    717.86567    120.4
   374.96381    115.90000    729.45876    120.5
   355.87500    115.90000    741.05185    120.6
   336.78619    115.90000    752.64494    120.7
   317.69738    115.90000    764.23803    120.8
   298.60857    115.90000    775.83113    120.9
   279.51975    115.90000    787.42422    121.0
   260.43094    115.90000    799.01731    121.1
   241.34213    115.90000    810.61040    121.2
   222.25332    115.90000    822.20349    121.3
   203.16451    115.90000    833.79658    121.4
   184.07570    115.90000    845.38967    121.5
   164.98689    115.90000    856.98276    121.6
   145.89808    115.90000    868.57585    121.7
   126.80926    115.90000    880.16894    121.8
   107.72045    115.90000    891.76203    121.9
    88.63164    115.90000    903.35512    122.0
   392.96093    105.90000    718.50473    122.1
   372.66648    105.90000    730.84340    122.2
   352.37203    105.90000    743.18207    122.3
   332.07757    105.90000    755.52074    122.4
   311.78312    105.90000    767.85940    122.5
   291.48867    105.90000    780.19807    122.6
   271.19421    105.90000    792.53674    122.7
   250.89976    105.90000    804.87540    122.8
   230.60530    105.90000    817.21407    122.9
   210.31085    105.90000    829.55274    123.0
   190.01640    105.90000    841.89141    123.1
   169.72194    105.90000    854.23007    123.2
   149.42749    105.90000    866.56874    123.3
   129.13304    105.90000    878.90741    123.4
   108.83858    105.90000    891.24608    123.5
    88.54413    105.90000    903.58474    123.6
   391.72542     95.90000    719.23373    123.7
   370.12945     95.90000    732.37794    123.8
   348.53347     95.90000    745.52214    123.9
   326.93749     95.90000    758.66634    124.0
   305.34151     95.90000    771.81055    124.1
   283.74553     95.90000    784.95475    124.2
   262.14956     95.90000    798.09895    124.3
   240.55358     95.90000    811.24316    124.4
   218.95760     95.90000    824.38736    124.5
   197.36162     95.90000    837.53156    124.6
   175.76564     95.90000    850.67577    124.7
   154.16967     95.90000    863.81997    124.8
   132.57369     95.90000    876.96417    124.9
   110.97771     95.90000    890.10837    125.0
    89.38173     95.90000    903.25258    125.1
   390.34332     85.90000    720.05465    125.2
   367.34809     85.90000    734.06567    125.3
   344.35286     85.90000    748.07668    125.4
   321.35763     85.90000    762.08770    125.5
   298.36240     85.90000    776.09871    125.6
   275.36717     85.90000    790.10973    125.7
   252.37194     85.90000    804.12074    125.8
   229.37671     85.90000    818.13176    125.9
   206.38148     85.90000    832.14278    126.0
   183.38625     85.90000    846.15379    126.1
   160.39102     85.90000    860.16481    126.2
   137.39578     85.90000    874.17582    126.3
   114.40055     85.90000    888.18684    126.4
    91.40532     85.90000    902.19785    126.5
   388.81513     75.90000    720.96747    126.6
   364.32325     75.90000    735.90656    126.7
   339.83138     75.90000    750.84566    126.8
   315.33950     75.90000    765.78475    126.9
   290.84763     75.90000    780.72385    127.0
   266.35575     75.90000    795.66295    127.1
   241.86388     75.90000    810.60204    127.2
   217.37200     75.90000    825.54114    127.3
   192.88013     75.90000    840.48023    127.4
   168.38825     75.90000    855.41933    127.5
   143.89638     75.90000    870.35842    127.6
   119.40450     75.90000    885.29752    127.7
    94.91263     75.90000    900.23662    127.8
   387.14591     65.90000    721.96939    127.9
   361.06337     65.90000    737.89597    128.0
   334.98083     65.90000    753.82255    128.1
   308.89829     65.90000    769.74913    128.2
   282.81575     65.90000    785.67572    128.3
   256.73321     65.90000    801.60230    128.4
   230.65067     65.90000    817.52888    128.5
   204.56813     65.90000    833.45546    128.6
   178.48559     65.90000    849.38204    128.7
   152.40304     65.90000    865.30862    128.8
   126.32050     65.90000    881.23520    128.9
   100.23796     65.90000    897.16178    129.0
   385.34677     55.90000    723.05391    129.1
   357.58696     55.90000    740.02304    129.2
   329.82715     55.90000    756.99217    129.3
   302.06734     55.90000    773.96130    129.4
   274.30753     55.90000    790.93043    129.5
   246.54771     55.90000    807.89955    129.6
   218.78790     55.90000    824.86868    129.7
   191.02809     55.90000    841.83781    129.8
   163.26828     55.90000    858.80694    129.9
   135.50847     55.90000    875.77607    130.0
   107.74865     55.90000    892.74520    130.1
   383.43661     45.90000    724.20973    130.2
   353.92551     45.90000    742.26894    130.3
   324.41441     45.90000    760.32815    130.4
   294.90331     45.90000    778.38736    130.5
   265.39221     45.90000    796.44657    130.6
   235.88110     45.90000    814.50579    130.7
   206.37000     45.90000    832.56500    130.8
   176.85890     45.90000    850.62421    130.9
   147.34780     45.90000    868.68342    131.0
   117.83669     45.90000    886.74263    131.1
   381.44384     35.90000    725.41968    131.2
   350.12637     35.90000    744.60505    131.3
   318.80889     35.90000    763.79043    131.4
   287.49142     35.90000    782.97580    131.5
   256.17395     35.90000    802.16118    131.6
   224.85648     35.90000    821.34655    131.7
   193.53901     35.90000    840.53193    131.8
   162.22154     35.90000    859.71731    131.9
   130.90407     35.90000    878.90268    132.0
    99.58660     35.90000    898.08806    132.1
   379.07957     25.90000    726.86107    132.2
   345.70807     25.90000    747.32691    132.3
   312.33658     25.90000    767.79275    132.4
   278.96508     25.90000    788.25859    132.5
   245.59358     25.90000    808.72443    132.6
   212.22208     25.90000    829.19027    132.7
   178.85058     25.90000    849.65611    132.8
   145.47908     25.90000    870.12195    132.9
   112.10759     25.90000    890.58779    133.0
   376.64113     15.90000    728.35213    133.1
   341.16616     15.90000    750.13154    133.2
   305.69119     15.90000    771.91095    133.3
   270.21621     15.90000    793.69036    133.4
   234.74124     15.90000    815.46978    133.5
   199.26627     15.90000    837.24919    133.6
   163.79129     15.90000    859.02860    133.7
   128.31632     15.90000    880.80801    133.8
   374.18713      5.90000    729.85698    133.9
   336.59831      5.90000    752.95916    134.0
   299.00948      5.90000    776.06134    134.1
   261.42066      5.90000    799.16352    134.2
   223.83183      5.90000    822.26571    134.3
   186.24301      5.90000    845.36789    134.4
   148.65418      5.90000    868.47007    134.5
   111.06536      5.90000    891.57225    134.6
   371.31664     -4.10000    731.62234    134.7
   331.33631     -4.10000    756.22096    134.8
   291.35598     -4.10000    780.81959    134.9
   251.37564     -4.10000    805.41821    135.0
   211.39531     -4.10000    830.01684    135.1
   171.41497     -4.10000    854.61546    135.2
   131.43464     -4.10000    879.21409    135.3
   368.48755    -14.10000    733.36702    135.4
   326.14331    -14.10000    759.44830    135.5
   283.79906    -14.10000    785.52958    135.6
   241.45482    -14.10000    811.61086    135.7
   199.11057    -14.10000    837.69214    135.8
   156.76633    -14.10000    863.77342    135.9
   365.80596    -24.10000    735.02553    136.0
   321.19613    -24.10000    762.53201    136.1
   276.58630    -24.10000    790.03850    136.2
   231.97647    -24.10000    817.54499    136.3
   187.36664    -24.10000    845.05148    136.4
   142.75682    -24.10000    872.55797    136.5
   362.72960    -34.10000    736.93229    136.6
   315.59101    -34.10000    766.02949    136.7
   268.45243    -34.10000    795.12669    136.8
   221.31384    -34.10000    824.22389    136.9
   174.17526    -34.10000    853.32108    137.0
   127.03667    -34.10000    882.41828    137.1
   359.18598    -44.10000    739.13291    137.2
   309.20713    -44.10000    770.01672    137.3
   259.22828    -44.10000    800.90053    137.4
   209.24943    -44.10000    831.78434    137.5
   159.27059    -44.10000    862.66815    137.6
   355.93419    -54.10000    741.15874    137.7
   303.30964    -54.10000    773.71264    137.8
   250.68508    -54.10000    806.26655    137.9
   198.06053    -54.10000    838.82045    138.0
   145.43597    -54.10000    871.37435    138.1
   352.22929    -64.10000    743.47054    138.2
   296.65695    -64.10000    777.88519    138.3
   241.08462    -64.10000    812.29983    138.4
   185.51228    -64.10000    846.71447    138.5
   349.03336    -74.10000    745.47280    138.6
   290.85255    -74.10000    781.54181    138.7
   232.67174    -74.10000    817.61082    138.8
   174.49093    -74.10000    853.67984    138.9
   345.44466    -84.10000    747.72412    139.0
   284.39354    -84.10000    785.61355    139.1
   223.34241    -84.10000    823.50297    139.2
   162.29129    -84.10000    861.39240    139.3
